0.07696	2.0574E-9
0.57554	2.0588E-9
1.1224	2.0608E-9
1.72757	2.0623E-9
2.26337	2.0651E-9
2.80069	2.0681E-9
3.32623	2.0703E-9
3.88318	2.0696E-9
4.42213	2.0732E-9
4.97686	2.0737E-9
5.51502	2.1271E-9
6.08	4.3884E-9
6.64541	4.14E-9
7.21962	4.0545E-9
7.76258	4.0075E-9
8.30513	3.9802E-9
8.83809	3.9585E-9
9.38624	3.9399E-9
9.92434	3.9273E-9
10.46312	3.9162E-9
10.9991	3.9073E-9
11.53882	3.8991E-9
12.07843	3.8938E-9
12.61637	3.8897E-9
13.17041	3.883E-9
13.74498	3.8761E-9
14.27883	3.8741E-9
14.82677	3.8691E-9
15.36538	3.867E-9
15.90214	3.865E-9
16.4494	3.8623E-9
16.9829	3.8879E-9
17.51052	5.855E-9
18.07412	5.7091E-9
18.60436	5.635E-9
19.13577	5.5899E-9
19.67515	5.5595E-9
20.2169	5.5353E-9
20.79207	5.5154E-9
21.32567	5.5002E-9
21.87684	5.485E-9
22.40761	5.474E-9
22.94521	5.4652E-9
23.48246	5.4571E-9
24.02701	5.4507E-9
24.56728	5.4421E-9
25.10545	5.437E-9
25.66677	5.4321E-9
26.22909	5.4253E-9
26.768	5.4211E-9
27.34796	5.4144E-9
27.85909	5.4119E-9
28.39741	5.4528E-9
28.91863	7.2166E-9
29.44703	7.0519E-9
29.98052	6.9911E-9
30.51093	6.9539E-9
31.05895	6.9247E-9
31.58988	6.9032E-9
32.12329	6.8877E-9
32.6525	6.8722E-9
33.19022	6.8595E-9
33.72812	6.8473E-9
34.24782	6.8379E-9
34.77803	6.8292E-9
35.31097	6.8219E-9
35.8393	6.8128E-9
36.40031	6.8055E-9
36.93853	6.7993E-9
37.47994	6.7935E-9
38.02931	6.7883E-9
38.57184	6.7822E-9
39.11171	6.7783E-9
39.65396	6.808E-9
40.21738	8.6508E-9
40.78222	8.4742E-9
41.33809	8.4161E-9
41.94954	8.3734E-9
42.48813	8.3496E-9
43.02371	8.3301E-9
43.56194	8.3129E-9
44.11028	8.2974E-9
44.64826	8.2851E-9
45.18745	8.2735E-9
45.72592	8.2629E-9
46.26489	8.2553E-9
46.82515	8.2435E-9
47.37317	8.2366E-9
47.93687	8.2301E-9
48.46598	8.2231E-9
49.00411	8.213E-9
49.54192	8.2107E-9
50.08162	8.2043E-9
50.62498	8.1981E-9
51.16351	8.2247E-9
51.68507	9.9771E-9
52.21872	9.8057E-9
52.75208	9.7473E-9
53.28862	9.7122E-9
53.82706	9.6842E-9
54.39096	9.6631E-9
54.93189	9.6441E-9
55.50319	9.6294E-9
56.04635	9.6156E-9
56.59108	9.6037E-9
57.1279	9.5929E-9
57.67388	9.5836E-9
58.21499	9.5742E-9
58.75303	9.567E-9
59.29651	9.5559E-9
59.83121	9.55E-9
60.37806	9.5432E-9
60.91391	9.5369E-9
61.4534	9.5307E-9
62.03267	9.5223E-9
62.57935	9.5585E-9
63.14625	1.131E-8
63.6711	1.11379E-8
64.23693	1.10779E-8
64.76778	1.10444E-8
65.29723	1.10175E-8
65.83805	1.0998E-8
66.37696	1.09802E-8
66.91984	1.0964E-8
67.45934	1.09503E-8
68.00147	1.09396E-8
68.56356	1.09246E-8
69.09119	1.09149E-8
69.63195	1.09059E-8
70.17084	1.08956E-8
70.71653	1.08875E-8
71.25666	1.08797E-8
71.7954	1.08697E-8
72.34436	1.08637E-8
72.88398	1.0857E-8
73.41617	1.0849E-8
73.95518	1.08452E-8
74.46956	1.24211E-8
75.01384	1.22496E-8
75.55394	1.2198E-8
76.13264	1.21637E-8
76.67176	1.21388E-8
77.21493	1.21203E-8
77.75115	1.21011E-8
78.29989	1.20878E-8
78.83811	1.2074E-8
79.37734	1.20616E-8
79.91518	1.20515E-8
80.47217	1.20406E-8
81.01123	1.20279E-8
81.55001	1.20177E-8
82.09201	1.20135E-8
82.66716	1.20026E-8
83.20294	1.19967E-8
83.74494	1.19884E-8
84.28267	1.19807E-8
84.83469	1.19758E-8
85.37315	1.19905E-8
85.94298	1.36809E-8
86.49571	1.35051E-8
87.04671	1.34522E-8
87.58085	1.34175E-8
88.12332	1.33927E-8
88.63831	1.3374E-8
89.21744	1.33537E-8
89.75713	1.33382E-8
90.29928	1.33239E-8
90.84642	1.33089E-8
91.38566	1.33001E-8
91.92191	1.32875E-8
92.47238	1.32782E-8
93.01043	1.32678E-8
93.54946	1.32586E-8
94.0946	1.32519E-8
94.63259	1.32416E-8
95.17181	1.32351E-8
95.75243	1.32242E-8
96.29391	1.32208E-8
96.83471	1.32647E-8
97.39829	1.48822E-8
97.96205	1.47057E-8
98.50251	1.46537E-8
99.04944	1.46186E-8
99.58969	1.45926E-8
100.12815	1.45728E-8
100.69043	1.45521E-8
101.27718	1.45342E-8
101.81851	1.45219E-8
102.36334	1.45081E-8
102.91041	1.44958E-8
103.45679	1.44867E-8
104.00348	1.44748E-8
104.54255	1.44654E-8
105.08169	1.44567E-8
105.62853	1.44462E-8
106.15929	1.4439E-8
106.6885	1.44302E-8
107.2226	1.4424E-8
107.74913	1.44138E-8
108.30564	1.44399E-8
108.87122	1.60395E-8
109.43684	1.5865E-8
109.97719	1.58146E-8
110.51615	1.57791E-8
111.05559	1.57521E-8
111.59209	1.57313E-8
112.15752	1.57107E-8
112.72101	1.56961E-8
113.26892	1.56805E-8
113.85491	1.5667E-8
114.39797	1.56547E-8
114.93988	1.56445E-8
115.47857	1.56316E-8
116.01881	1.5624E-8
116.55815	1.5612E-8
117.09832	1.56048E-8
117.6419	1.55959E-8
118.1814	1.55862E-8
118.72008	1.55793E-8
119.27748	1.55719E-8
119.81659	1.55932E-8
120.39908	1.71978E-8
120.92424	1.7028E-8
121.45704	1.6973E-8
121.98795	1.69385E-8
122.5432	1.69114E-8
123.06627	1.68894E-8
123.59819	1.68705E-8
124.12847	1.68536E-8
124.66845	1.68375E-8
125.20442	1.68267E-8
125.74656	1.68116E-8
126.28577	1.67992E-8
126.83272	1.67882E-8
127.36091	1.67774E-8
127.89502	1.67691E-8
128.45187	1.67585E-8
129.00844	1.67486E-8
129.55231	1.67428E-8
130.09071	1.67333E-8
130.63075	1.67264E-8
131.17784	1.67486E-8
131.74307	1.82789E-8
132.30763	1.81055E-8
132.84663	1.80572E-8
133.41195	1.80189E-8
133.98701	1.79914E-8
134.52212	1.79704E-8
135.07071	1.79531E-8
135.60632	1.79337E-8
136.14618	1.79211E-8
136.69145	1.79052E-8
137.23088	1.78943E-8
137.77015	1.78829E-8
138.33326	1.78746E-8
138.87279	1.78622E-8
139.41164	1.78537E-8
139.959	1.78449E-8
140.54316	1.78348E-8
141.08409	1.7826E-8
141.63347	1.78193E-8
142.1779	1.78105E-8
142.71693	1.78486E-8
143.23875	1.93102E-8
143.80241	1.91547E-8
144.37885	1.91003E-8
144.94269	1.90639E-8
145.50549	1.90364E-8
146.09976	1.9014E-8
146.64642	1.89959E-8
147.1931	1.89791E-8
147.73149	1.89657E-8
148.27063	1.89531E-8
148.81751	1.89401E-8
149.34956	1.89288E-8
149.88062	1.89183E-8
150.41252	1.89086E-8
150.94301	1.88988E-8
151.47372	1.88906E-8
152.00598	1.888E-8
152.5372	1.88709E-8
153.06773	1.88649E-8
153.62555	1.88591E-8
154.16375	1.8878E-8
154.72959	2.03591E-8
155.25554	2.01887E-8
155.83171	2.01322E-8
156.39583	2.00976E-8
156.94304	2.00728E-8
157.48099	2.00519E-8
158.02098	2.00293E-8
158.5626	2.0014E-8
159.10092	2.00011E-8
159.67964	1.99874E-8
160.22464	1.99733E-8
160.76947	1.99612E-8
161.30367	1.99519E-8
161.84952	1.99418E-8
162.38453	1.99318E-8
162.91288	1.99231E-8
163.44579	1.99139E-8
163.97701	1.99068E-8
164.50672	1.98981E-8
165.05389	1.98901E-8
165.61229	1.99109E-8
166.17659	2.13581E-8
166.75874	2.11857E-8
167.29681	2.11341E-8
167.83975	2.10979E-8
168.3988	2.1073E-8
168.93724	2.10512E-8
169.47573	2.10339E-8
170.03179	2.10153E-8
170.57148	2.10025E-8
171.11628	2.09871E-8
171.65703	2.09768E-8
172.19628	2.09655E-8
172.77114	2.09533E-8
173.32172	2.09426E-8
173.86173	2.0933E-8
174.40126	2.09272E-8
174.94593	2.09146E-8
175.48425	2.09078E-8
176.0239	2.09004E-8
176.57141	2.08925E-8
177.13175	9.815E-7
177.66697	2.4416E-7
178.22387	1.25083E-8
178.72972	1.22136E-8
179.29325	1.22554E-8
179.83398	1.23228E-8
180.37342	1.23843E-8
180.91464	1.24372E-8
181.45388	1.24833E-8
181.9938	1.25231E-8
182.53986	1.25577E-8
183.06777	1.25871E-8
183.6481	1.26177E-8
184.21072	1.2644E-8
184.75906	1.26659E-8
185.33364	1.26887E-8
185.88351	1.27102E-8
186.4308	1.27292E-8
186.97788	1.27448E-8
187.52359	1.27617E-8
188.06697	1.27772E-8
188.63017	9.6E-7
189.16017	3.7161E-7
189.7341	1.09247E-8
190.24268	1.05459E-8
190.78983	1.052E-8
191.36947	1.05538E-8
191.92963	1.05978E-8
192.48353	1.06381E-8
193.02325	1.06742E-8
193.58685	1.07082E-8
194.13368	1.07383E-8
194.67425	1.07663E-8
195.21623	1.07903E-8
195.75626	1.08128E-8
196.29586	1.08358E-8
196.83171	1.08579E-8
197.4017	1.08739E-8
197.94219	1.08934E-8
198.48895	1.09112E-8
199.02542	1.09262E-8
199.57134	1.09413E-8
200.15422	6.577E-7
200.66593	4.7477E-7
201.22516	9.9325E-9
201.7566	9.4668E-9
202.28009	9.4071E-9
202.82	9.4171E-9
203.35886	9.4431E-9
203.90257	9.4731E-9
204.47484	9.504E-9
205.03968	9.5313E-9
205.57846	9.5575E-9
206.11911	9.5805E-9
206.64727	9.6036E-9
207.17755	9.6242E-9
207.73621	9.6432E-9
208.27529	9.664E-9
208.81369	9.6792E-9
209.35457	9.6977E-9
209.89292	9.7147E-9
210.43216	9.7284E-9
210.99448	9.7429E-9
211.5601	9.25E-7
212.10252	9.9268E-8
212.65536	9.0744E-9
213.16074	8.619E-9
213.71163	8.5349E-9
214.25086	8.5329E-9
214.7912	8.5485E-9
215.33879	8.5702E-9
215.86558	8.5921E-9
216.42372	8.6167E-9
216.96308	8.6393E-9
217.53884	8.6628E-9
218.07137	8.6794E-9
218.62082	8.6994E-9
219.15646	8.7177E-9
219.68167	8.7337E-9
220.21274	8.7494E-9
220.74549	8.7661E-9
221.27656	8.7799E-9
221.80999	8.7954E-9
222.3396	8.8088E-9
222.89597	3.224E-7
223.44187	4.2545E-7
223.97923	8.4378E-9
224.48208	7.8925E-9
225.01376	7.7896E-9
225.60639	7.7732E-9
226.13726	7.7776E-9
226.67621	7.7946E-9
227.21574	7.8131E-9
227.76647	7.8322E-9
228.30208	7.8486E-9
228.82593	7.8673E-9
229.35546	7.8833E-9
229.88732	7.903E-9
230.44706	7.9205E-9
230.98587	7.9344E-9
231.54357	7.952E-9
232.12769	7.9679E-9
232.66879	7.979E-9
233.2109	7.9973E-9
233.7604	8.0074E-9
234.33673	7.432E-7
234.86121	2.0177E-7
235.42506	7.7891E-9
235.94263	7.2943E-9
236.48189	7.1959E-9
237.02286	7.1742E-9
237.56527	7.1783E-9
238.14366	7.1909E-9
238.68179	7.2044E-9
239.22507	7.2169E-9
239.76324	7.236E-9
240.30929	7.2509E-9
240.84722	7.2668E-9
241.38714	7.2817E-9
241.933	7.2984E-9
242.48894	7.3123E-9
243.02944	7.3252E-9
243.59105	7.3376E-9
244.18355	7.3509E-9
244.71597	7.3636E-9
245.25852	7.3771E-9
245.82344	6.788E-7
246.34674	4.3612E-7
246.91419	7.2903E-9
247.42565	6.7767E-9
247.98317	6.6673E-9
248.52725	6.6408E-9
249.07469	6.6401E-9
249.61421	6.6492E-9
250.18582	6.6623E-9
250.73193	6.6756E-9
251.27167	6.6896E-9
251.81196	6.7044E-9
252.35594	6.718E-9
252.89579	6.7299E-9
253.43731	6.7461E-9
253.97357	6.7578E-9
254.51351	6.7688E-9
255.05887	6.7834E-9
255.59843	6.7939E-9
256.13769	6.805E-9
256.71828	6.8143E-9
257.31711	9.676E-7
257.86078	1.933E-7
258.40729	6.8548E-9
258.93867	6.3071E-9
259.48443	6.1925E-9
260.00999	6.1639E-9
260.55038	6.1593E-9
261.08972	6.1646E-9
261.62917	6.1742E-9
262.16888	6.1841E-9
262.76058	6.1981E-9
263.30045	6.21E-9
263.84083	6.2238E-9
264.38765	6.2363E-9
264.92612	6.2496E-9
265.46696	6.2631E-9
266.00642	6.2728E-9
266.54543	6.2828E-9
267.08489	6.2957E-9
267.62386	6.306E-9
268.17182	6.3175E-9
268.73933	9.97E-7
269.32851	1.78071E-7
269.88243	6.3786E-9
270.38363	5.8519E-9
270.92207	5.7332E-9
271.46637	5.6985E-9
272.00576	5.6904E-9
272.52977	5.6938E-9
273.06097	5.7027E-9
273.59388	5.7107E-9
274.12536	5.7213E-9
274.68419	5.7354E-9
275.22343	5.7477E-9
275.76219	5.7586E-9
276.33664	5.7706E-9
276.87545	5.7832E-9
277.42286	5.7928E-9
277.98261	5.8026E-9
278.53252	5.8156E-9
279.07428	5.825E-9
279.61465	5.8341E-9
280.17045	9.984E-7
280.71175	2.13354E-7
281.26869	6.0206E-9
281.7807	5.4874E-9
282.32239	5.365E-9
282.89737	5.3265E-9
283.45136	5.3172E-9
283.99044	5.3173E-9
284.52627	5.3238E-9
285.07029	5.3355E-9
285.61184	5.3432E-9
286.15129	5.3545E-9
286.69113	5.3658E-9
287.23446	5.374E-9
287.77382	5.3836E-9
288.31383	5.3932E-9
288.85223	5.4051E-9
289.42567	5.4134E-9
289.97018	5.4251E-9
290.51418	5.4343E-9
291.05261	5.4422E-9
291.61854	6.585E-7
292.14849	4.0095E-7
292.74335	5.6224E-9
293.2411	5.144E-9
293.78078	5.0208E-9
294.33981	4.9852E-9
294.87974	4.9746E-9
295.42255	4.9728E-9
295.97684	4.9774E-9
296.5156	4.9848E-9
297.05727	4.9947E-9
297.59455	5.0038E-9
298.14147	5.0119E-9
298.68047	5.0207E-9
299.2211	5.0312E-9
299.76684	5.0397E-9
300.30737	5.0501E-9
300.84542	5.058E-9
301.37571	5.0661E-9
301.9058	5.0745E-9
302.43508	5.0844E-9
303.02495	8.952E-7
303.55057	3.366E-7
304.11085	5.3979E-9
304.65701	4.8338E-9
305.18776	4.7172E-9
305.72709	4.6753E-9
306.26681	4.6629E-9
306.81824	4.6638E-9
307.35652	4.6662E-9
307.895	4.6729E-9
308.43716	4.6792E-9
308.97687	4.6861E-9
309.55803	4.6956E-9
310.09549	4.7028E-9
310.64204	4.7111E-9
311.17919	4.7215E-9
311.71861	4.7318E-9
312.28225	4.7399E-9
312.82825	4.7468E-9
313.36676	4.7557E-9
313.90825	4.7631E-9
314.47639	7.111E-7
315.00386	4.3241E-7
315.57487	5.1001E-9
316.07788	4.5674E-9
316.66054	4.4292E-9
317.20252	4.3905E-9
317.74199	4.3768E-9
318.28169	4.3716E-9
318.8207	4.3747E-9
319.36141	4.3795E-9
319.89249	4.3861E-9
320.45549	4.393E-9
320.99578	4.4017E-9
321.53615	4.411E-9
322.07995	4.4174E-9
322.62059	4.4256E-9
323.19708	4.4336E-9
323.73386	4.4445E-9
324.28033	4.4505E-9
324.81698	4.4582E-9
325.36168	4.4641E-9
325.92578	9.117E-7
326.46138	1.64013E-7
327.00003	4.8999E-9
327.54707	4.303E-9
328.06367	4.1763E-9
328.6035	4.1323E-9
329.14467	4.1152E-9
329.72449	4.1093E-9
330.28434	4.1143E-9
330.82773	4.1156E-9
331.35888	4.122E-9
331.89288	4.1288E-9
332.42266	4.1358E-9
332.95444	4.1444E-9
333.48645	4.1521E-9
334.01675	4.1577E-9
334.57917	4.1675E-9
335.11859	4.1753E-9
335.65893	4.182E-9
336.19716	4.19E-9
336.77389	4.1966E-9
337.33543	9.128E-7
337.87665	2.8195E-7
338.45468	4.5798E-9
338.96483	4.0604E-9
339.50494	3.9288E-9
340.06195	3.8843E-9
340.6035	3.8657E-9
341.14422	3.861E-9
341.68252	3.8612E-9
342.22145	3.8653E-9
342.7975	3.8729E-9
343.33069	3.8784E-9
343.89668	3.8858E-9
344.43268	3.8911E-9
344.97272	3.8992E-9
345.51113	3.9062E-9
346.0525	3.9131E-9
346.59754	3.9212E-9
347.13906	3.9262E-9
347.68164	3.9357E-9
348.22055	3.9421E-9
348.79909	8.725E-7
349.38314	2.0583E-7
349.93204	4.4017E-9
350.44064	3.8305E-9
350.97262	3.6897E-9
351.50513	3.6402E-9
352.03419	3.6206E-9
352.56824	3.6163E-9
353.09837	3.6137E-9
353.64038	3.618E-9
354.17854	3.6217E-9
354.72394	3.6268E-9
355.26628	3.633E-9
355.78745	3.6382E-9
356.34806	3.6452E-9
356.93868	3.6543E-9
357.48041	3.6608E-9
358.02897	3.6682E-9
358.57047	3.6756E-9
359.11203	3.6805E-9
359.65362	3.6854E-9