0.07335	2.8395E-9
0.57129	2.8453E-9
1.11078	2.8438E-9
1.68562	2.8449E-9
2.22224	2.8481E-9
2.77248	2.8514E-9
3.30879	2.8504E-9
3.84665	2.8619E-9
4.39076	2.8545E-9
4.93084	2.8559E-9
5.46978	2.8749E-9
6.03567	3.4359E-9
6.60006	3.3665E-9
7.14598	3.3449E-9
7.6771	3.3378E-9
8.25281	3.3263E-9
8.81771	3.321E-9
9.36322	3.3177E-9
9.92627	3.8115E-9
10.49039	3.7456E-9
11.03477	3.7239E-9
11.57424	3.7098E-9
12.11485	3.7007E-9
12.65487	3.6946E-9
13.19335	3.6969E-9
13.76975	4.1435E-9
14.33336	4.0806E-9
14.8787	4.057E-9
15.4177	4.0464E-9
15.95577	4.0325E-9
16.52192	4.0266E-9
17.06949	4.0331E-9
17.63508	4.4558E-9
18.18616	4.3908E-9
18.7387	4.3698E-9
19.27177	4.3545E-9
19.8288	4.3474E-9
20.36942	4.3364E-9
20.90954	4.3383E-9
21.47426	4.7494E-9
22.03956	4.6765E-9
22.58527	4.6606E-9
23.12485	4.6469E-9
23.66174	4.6277E-9
24.20236	4.625E-9
24.76539	4.6279E-9
25.33597	5.0326E-9
25.89808	4.9604E-9
26.44259	4.9425E-9
26.98308	4.9242E-9
27.52311	4.911E-9
28.06312	4.9007E-9
28.63009	4.8967E-9
29.19584	5.2936E-9
29.76117	5.2238E-9
30.30277	5.2054E-9
30.87518	5.189E-9
31.42684	5.1766E-9
31.96966	5.1685E-9
32.53776	5.163E-9
33.10237	5.553E-9
33.66783	5.4856E-9
34.21006	5.4621E-9
34.75145	5.4448E-9
35.28943	5.4332E-9
35.82988	5.4286E-9
36.40608	5.4647E-9
36.97519	5.8242E-9
37.54332	5.7598E-9
38.08288	5.7356E-9
38.63057	5.7146E-9
39.17813	5.7086E-9
39.71024	5.6942E-9
40.27166	5.6915E-9
40.83568	6.0657E-9
41.40257	6.0027E-9
41.97783	5.9745E-9
42.52268	5.9593E-9
43.06653	5.9464E-9
43.6308	5.9408E-9
44.17568	5.9325E-9
44.74057	6.3034E-9
45.30555	6.2388E-9
45.85018	6.2082E-9
46.39063	6.1966E-9
46.9592	6.184E-9
47.53508	6.1727E-9
48.08429	6.1703E-9
48.65155	6.5384E-9
49.20337	6.4697E-9
49.75311	6.4479E-9
50.31899	6.435E-9
50.86592	6.4173E-9
51.40667	6.405E-9
51.9458	6.4002E-9
52.4982	6.7658E-9
53.02327	6.6938E-9
53.59885	6.6746E-9
54.15959	6.6554E-9
54.72511	6.6429E-9
55.25523	6.6323E-9
55.78691	6.6251E-9
56.31873	6.9485E-9
56.8502	6.8956E-9
57.38161	6.8711E-9
57.92154	6.8615E-9
58.49091	6.8422E-9
59.03222	6.8322E-9
59.60418	6.8645E-9
60.16254	7.1972E-9
60.72894	7.13E-9
61.27412	7.1046E-9
61.821	7.0904E-9
62.35957	7.0757E-9
62.89845	7.0627E-9
63.46363	7.06E-9
64.02783	7.4085E-9
64.59167	7.3449E-9
65.11692	7.3161E-9
65.67581	7.3046E-9
66.21515	7.2829E-9
66.75513	7.278E-9
67.32209	7.2742E-9
67.89007	7.6265E-9
68.45403	7.5583E-9
68.99142	7.5383E-9
69.53124	7.5199E-9
70.06864	7.5041E-9
70.61519	7.5002E-9
71.20407	7.4868E-9
71.73072	7.8408E-9
72.31705	7.7664E-9
72.8665	7.7416E-9
73.40588	7.7247E-9
73.94629	7.7133E-9
74.49525	7.6998E-9
75.03585	7.7005E-9
75.55864	8.0348E-9
76.11923	7.9706E-9
76.69549	7.9468E-9
77.27731	7.9298E-9
77.81964	7.9139E-9
78.35934	7.9042E-9
78.89884	7.8946E-9
79.46364	8.238E-9
80.02757	8.1725E-9
80.57295	8.1472E-9
81.11325	8.1212E-9
81.68232	8.1187E-9
82.22282	8.1021E-9
82.79622	8.1411E-9
83.34433	8.4508E-9
83.87055	8.3842E-9
84.41601	8.3518E-9
84.94693	8.3457E-9
85.47912	8.3312E-9
86.00444	8.3172E-9
86.54182	8.3028E-9
87.07218	8.6306E-9
87.60355	8.5664E-9
88.13523	8.5356E-9
88.6749	8.5265E-9
89.1981	8.5113E-9
89.75792	8.4993E-9
90.29109	8.4879E-9
90.87291	8.8249E-9
91.43874	8.7604E-9
91.97917	8.7373E-9
92.51928	8.7259E-9
93.07849	8.7079E-9
93.61898	8.7058E-9
94.15903	8.6871E-9
94.67919	9.0139E-9
95.21091	8.949E-9
95.74317	8.9302E-9
96.28479	8.9038E-9
96.82516	8.8909E-9
97.39846	8.8796E-9
97.94252	8.8718E-9
98.51096	9.2053E-9
99.06253	9.1437E-9
99.61562	9.1135E-9
100.17617	9.0972E-9
100.74101	9.0809E-9
101.28097	9.0727E-9
101.82249	9.0635E-9
102.38749	9.394E-9
102.96787	9.3274E-9
103.52692	9.3068E-9
104.06948	9.287E-9
104.60977	9.2687E-9
105.14946	9.2631E-9
105.69539	9.2479E-9
106.26041	9.5783E-9
106.8262	9.5258E-9
107.3658	9.4902E-9
107.90439	9.472E-9
108.44643	9.4536E-9
109.03716	9.4444E-9
109.56906	9.4366E-9
110.13511	9.7651E-9
110.69661	9.6989E-9
111.23881	9.6743E-9
111.78093	9.6568E-9
112.31916	9.641E-9
112.8568	9.6322E-9
113.39502	9.6217E-9
113.91861	9.9418E-9
114.47812	9.8851E-9
115.07393	9.8545E-9
115.62145	9.8378E-9
116.15966	9.8232E-9
116.69831	9.8131E-9
117.2372	9.8062E-9
117.75334	1.01139E-8
118.29025	1.00543E-8
118.82507	1.00307E-8
119.357	1.00132E-8
119.89559	9.999E-9
120.43196	9.9942E-9
120.97883	9.9831E-9
121.5435	1.02907E-8
122.12509	1.02332E-8
122.67047	1.02081E-8
123.55005	1.01778E-8
124.12672	1.0164E-8
124.65673	1.01572E-8
125.21099	1.01592E-8
125.75885	1.04743E-8
126.3362	1.04036E-8
126.875	1.03804E-8
127.41833	1.03641E-8
127.96696	1.03492E-8
128.50738	1.03392E-8
129.05064	1.03363E-8
129.61596	1.06473E-8
130.19855	1.05799E-8
130.74908	1.05562E-8
131.31284	1.05381E-8
131.85244	1.05231E-8
132.39241	1.05132E-8
132.95598	1.05099E-8
133.52402	1.08253E-8
134.0897	1.07535E-8
134.63038	1.07308E-8
135.16924	1.07158E-8
135.74438	1.06941E-8
136.28563	1.06871E-8
136.82763	1.06885E-8
137.39287	1.09931E-8
137.95867	1.09297E-8
138.49863	1.09039E-8
139.06802	1.08871E-8
139.6055	1.08742E-8
140.14559	1.08599E-8
140.68731	1.0858E-8
141.26213	1.11627E-8
141.81864	1.10972E-8
142.358	1.10742E-8
142.92592	1.10563E-8
143.46546	1.10438E-8
144.00608	1.103E-8
144.54735	1.10243E-8
145.11159	1.13376E-8
145.6776	1.12705E-8
146.21855	1.12446E-8
146.80659	1.1225E-8
147.3474	1.12116E-8
147.89168	1.12018E-8
148.43216	1.1198E-8
148.99811	1.15012E-8
149.56348	1.14367E-8
150.12539	1.1411E-8
150.66466	1.13921E-8
151.20592	1.13893E-8
151.7458	1.1368E-8
152.32315	1.14009E-8
152.88042	1.16786E-8
153.44763	1.16131E-8
153.99145	1.15871E-8
154.53674	1.1572E-8
155.08351	1.15578E-8
155.62789	1.15547E-8
156.16877	1.15427E-8
156.71867	1.18449E-8
157.25598	1.17759E-8
157.83498	1.17516E-8
158.41202	1.17137E-8
158.95925	1.17203E-8
159.50344	1.17143E-8
160.06801	1.16969E-8
160.63538	1.20074E-8
161.20055	1.19395E-8
161.74206	1.19151E-8
162.28348	1.18973E-8
162.85013	1.18837E-8
163.39451	1.1871E-8
163.97008	1.19025E-8
164.5366	1.21819E-8
165.10463	1.21118E-8
165.64632	1.20904E-8
166.19396	1.20712E-8
166.7392	1.20578E-8
167.28038	1.20471E-8
167.85113	1.20439E-8
168.40542	1.23366E-8
168.98178	1.22721E-8
169.55206	1.22465E-8
170.10024	1.22277E-8
170.64348	1.22157E-8
171.18407	1.22063E-8
171.72585	1.21987E-8
172.29207	1.2496E-8
172.85662	1.24304E-8
173.39785	1.24069E-8
173.93908	1.23905E-8
174.50702	1.23804E-8
175.08268	1.2361E-8
175.62831	1.23518E-8
176.19686	1.26531E-8
176.74799	1.2592E-8
177.29993	1.25637E-8
177.86409	1.25449E-8
178.42697	1.25295E-8
178.97589	1.25173E-8
179.51595	1.25196E-8
180.07931	1.28096E-8
180.65676	1.27437E-8
181.22439	1.27174E-8
181.77094	1.27048E-8
182.33571	1.26878E-8
182.87578	1.26753E-8
183.44624	1.26645E-8
184.00755	1.29743E-8
184.56399	1.29018E-8
185.12728	1.28746E-8
185.70193	1.28586E-8
186.24248	1.28376E-8
186.78725	1.28317E-8
187.32739	1.28242E-8
187.85181	1.31175E-8
188.45175	1.30514E-8
188.99227	1.30247E-8
189.53939	1.3014E-8
190.07751	1.29984E-8
190.61919	1.29917E-8
191.1766	1.29847E-8
191.74843	1.32699E-8
192.30688	1.32059E-8
192.85207	1.31851E-8
193.39597	1.31646E-8
193.93551	1.31502E-8
194.47606	1.31393E-8
195.02435	1.31244E-8
195.59062	1.34256E-8
196.14371	1.33562E-8
196.69584	1.33328E-8
197.27396	1.33177E-8
197.83406	1.32999E-8
198.38423	1.32879E-8
198.91578	1.32829E-8
199.50158	1.35761E-8
200.06793	1.34973E-8
200.60819	1.3484E-8
201.15018	1.34705E-8
201.69701	1.34558E-8
202.24391	1.34445E-8
202.82075	1.34746E-8
203.37801	1.37449E-8
203.94908	1.36712E-8
204.49463	1.36479E-8
205.03456	1.36326E-8
205.60135	1.36161E-8
206.16691	1.3602E-8
206.70827	1.35967E-8
207.27283	1.38852E-8
207.86046	1.38147E-8
208.40092	1.37944E-8
208.94908	1.37757E-8
209.49603	1.37636E-8
210.03713	1.37473E-8
210.59964	1.37471E-8
211.16549	1.40363E-8
211.73169	1.39661E-8
212.27537	1.39439E-8
212.81645	1.39234E-8
213.39258	1.39127E-8
213.94836	1.39008E-8
214.49476	1.38987E-8
215.05918	1.41823E-8
215.62542	1.41134E-8
216.16712	1.40914E-8
216.70786	1.40758E-8
217.58519	1.40544E-8
218.1621	1.4044E-8
218.69392	1.40309E-8
219.25991	1.43183E-8
219.82688	1.42596E-8
220.36567	1.42291E-8
220.90473	1.42162E-8
221.44586	1.42054E-8
221.99446	1.41927E-8
222.53527	1.41887E-8
223.10187	1.44734E-8
223.66794	1.44038E-8
224.24501	1.4376E-8
224.80739	1.43636E-8
225.3479	1.43493E-8
225.88829	1.43378E-8
226.43021	1.43284E-8
226.99616	1.4618E-8
227.54962	1.45544E-8
228.10043	1.45271E-8
228.66693	1.4518E-8
229.20938	1.44968E-8
229.78734	1.44828E-8
230.32296	1.44713E-8
230.8915	1.47632E-8
231.45697	1.46946E-8
231.99668	1.46733E-8
232.53641	1.46557E-8
233.10394	1.46392E-8
233.65054	1.4627E-8
234.20195	1.46312E-8
234.76673	1.49012E-8
235.34443	1.48451E-8
235.89211	1.48163E-8
236.43369	1.47983E-8
236.98028	1.47833E-8
237.52149	1.47685E-8
238.06222	1.47656E-8
238.58747	1.50462E-8
239.17379	1.49793E-8
239.7267	1.49551E-8
240.26837	1.49395E-8
240.8076	1.49222E-8
241.38403	1.49104E-8
241.93283	1.49107E-8
242.50056	1.51876E-8
243.05128	1.51228E-8
243.5917	1.50985E-8
244.12323	1.50784E-8
244.65423	1.50672E-8
245.18267	1.50551E-8
245.7159	1.50539E-8
246.24818	1.53075E-8
246.79451	1.52438E-8
247.32693	1.52202E-8
247.87266	1.52038E-8
248.45195	1.51896E-8
248.99839	1.5177E-8
249.57803	1.7633E-6
250.09565	3.5669E-7
250.64844	1.24519E-8
251.16665	1.14362E-8
251.73221	1.12226E-8
252.27945	1.11716E-8
252.81999	1.11581E-8
253.39367	1.6219E-6
253.91322	4.8719E-7
254.52396	1.11975E-8
255.02926	1.03819E-8
255.57047	1.0206E-8
256.14047	1.01586E-8
256.68696	1.01565E-8
257.25018	1.823E-6
257.78254	3.8175E-7
258.34182	1.07185E-8
258.85148	9.7363E-9
259.4201	9.5348E-9
259.99867	9.4906E-9
260.54532	9.4855E-9
261.10848	1.6331E-6
261.63975	3.5129E-7
262.18943	1.02544E-8
262.71803	9.2221E-9
263.26041	9.0289E-9
263.83079	8.9825E-9
264.4102	8.9796E-9
264.9848	1.645E-6
265.56931	3.69179E-8
266.08414	9.7349E-9
266.61027	8.7995E-9
267.15373	8.6154E-9
267.70187	8.576E-9
268.24811	8.5716E-9
268.82116	1.614E-6
269.35595	3.545E-7
269.93718	9.3557E-9
270.45155	8.4437E-9
270.99322	8.2571E-9
271.58468	8.2137E-9
272.12861	8.2119E-9
272.6985	1.7671E-6
273.23178	3.457E-7
273.79156	9.1466E-9
274.32711	8.1344E-9
274.87243	7.9477E-9
275.41277	7.9038E-9
275.956	7.899E-9
276.51935	1.7841E-6
277.07284	3.1395E-7
277.66706	8.7061E-9
278.1852	7.8331E-9
278.72774	7.6532E-9
279.26861	7.6127E-9
279.81108	7.6078E-9
280.37323	1.6127E-6
280.91071	2.8621E-7
281.46735	8.6164E-9
281.99707	7.6036E-9
282.53902	7.4071E-9
283.07988	7.3649E-9
283.65333	7.3606E-9
284.23064	1.7179E-6
284.76415	3.4344E-7
285.32028	8.41E-9
285.82739	7.4011E-9
286.36649	7.1894E-9
286.90698	7.1391E-9
287.456	7.1348E-9
288.02884	1.6496E-6
288.58125	2.8969E-7
289.12243	8.2647E-9
289.70731	7.1539E-9
290.21983	6.9662E-9
290.76159	6.9201E-9
291.32461	6.9147E-9
291.92636	1.5341E-6
292.44962	2.9677E-7
293.00475	8.0406E-9
293.51364	7.0123E-9
294.08042	6.7883E-9
294.62106	6.738E-9
295.19099	6.7293E-9
295.80363	1.6277E-6
296.30712	2.6734E-7
296.87109	7.8318E-9
297.37979	6.847E-9
297.92023	6.6318E-9
298.48755	6.577E-9
299.15274	6.5691E-9
299.72135	1.7419E-6
300.23716	3.1232E-7
300.83357	7.5571E-9
301.35659	6.657E-9
301.92396	6.4627E-9
302.47276	6.4123E-9
303.00402	6.4011E-9
303.561	1.7275E-6
304.1079	4.7509E-7
304.67267	7.5469E-9
305.18086	6.5249E-9
305.72079	6.2976E-9
306.26942	6.2443E-9
306.8485	6.2318E-9
307.42079	1.6575E-6
307.96485	1.60041E-7
308.53645	7.3054E-9
309.04823	6.3592E-9
309.58898	6.1498E-9
310.13054	6.087E-9
310.67637	6.0791E-9
311.24158	1.7907E-6
311.79717	2.9665E-7
312.36701	7.216E-9
312.94621	6.1757E-9
313.45771	5.9916E-9
313.99739	5.9402E-9
314.56554	5.9271E-9
315.14567	1.7292E-6
315.69329	2.8173E-7
316.25188	7.1338E-9
316.75763	6.1053E-9
317.29909	5.8682E-9
317.86394	5.8045E-9
318.40513	5.7898E-9
319.00944	1.5373E-6
319.53168	4.7715E-7
320.0988	7.004E-9
320.60683	5.9817E-9
321.18191	5.7369E-9
321.72175	5.6795E-9
322.25318	5.6649E-9
322.81038	1.7421E-6
323.36247	2.599E-7
323.94289	6.7963E-9
324.45164	5.8382E-9
325.02423	5.6052E-9
325.58511	5.547E-9
326.12908	5.5327E-9
326.69298	1.625E-6
327.22956	2.6587E-7
327.78388	6.8079E-9
328.29991	5.7456E-9
328.84768	5.5015E-9
329.39513	5.4348E-9
329.9413	5.4153E-9
330.51363	1.7412E-6
331.10861	3.0776E-7
331.66701	6.6699E-9
332.17253	5.6199E-9
332.74007	5.3662E-9
333.28044	5.2985E-9
333.84914	5.2833E-9
334.41479	1.8048E-6
334.94935	2.8271E-7
335.50474	6.5091E-9
336.0136	5.4472E-9
336.55367	5.1951E-9
337.12679	5.1191E-9
337.67443	5.1024E-9
338.23586	1.6266E-6
338.78239	4.7752E-7
339.34808	6.3042E-9
339.8541	5.2604E-9
340.39661	5.0083E-9
340.95775	4.9296E-9
341.50201	4.9124E-9
342.07485	1.7363E-6
342.59619	4.6866E-7
343.20834	5.9823E-9
343.71245	5.0906E-9
344.25502	4.8621E-9
344.80371	4.7931E-9
345.34527	4.7731E-9
345.93391	1.6348E-6
346.46628	3.2701E-7
347.02705	6.0662E-9
347.53695	5.0155E-9
348.08415	4.7522E-9
348.63637	4.6764E-9
349.20986	4.6525E-9
349.7922	1.7503E-6
350.32365	2.8136E-7
350.87582	5.9906E-9
351.40116	4.8971E-9
351.94351	4.6426E-9
352.48504	4.5648E-9
353.02673	4.5416E-9
353.59206	1.7668E-6
354.12901	2.5485E-7
354.71014	5.7609E-9
355.22523	4.7788E-9
355.79604	4.5286E-9
356.33804	4.4575E-9
356.87861	4.4349E-9
357.47076	1.7601E-6
357.99635	4.6968E-7
358.57476	5.7113E-9
359.11386	4.6806E-9
359.68349	4.4307E-9
360.20994	4.372E-9
360.75158	4.3372E-9
361.34925	1.7664E-6
361.87631	4.8884E-7
362.45474	5.6294E-9
362.99278	4.5884E-9
363.51872	4.3522E-9
364.0857	4.2709E-9
364.6328	4.2544E-9
365.20932	1.7124E-6
365.73361	2.7221E-7
366.28927	5.6172E-9
366.82041	4.5256E-9
367.37807	4.2643E-9
367.91918	4.1853E-9
368.46344	4.159E-9
369.02931	1.6305E-6
369.57356	2.6671E-7
370.13039	5.5411E-9
370.66469	4.4385E-9
371.21191	4.1783E-9
371.75338	4.0992E-9
372.32107	4.0676E-9
372.94731	1.6041E-6
373.44313	2.9672E-7
373.97919	5.5729E-9
374.54052	4.3689E-9
375.06482	4.1157E-9
375.60207	4.0285E-9
376.14855	3.999E-9
376.72306	1.616E-6
377.24742	2.8693E-7
377.79562	5.4334E-9
378.33325	4.2991E-9
378.85965	4.0399E-9
379.43809	3.9474E-9
379.98067	3.9195E-9
380.54024	1.6751E-6
381.09068	2.8891E-7
381.65194	5.295E-9
382.15244	4.2415E-9
382.69537	3.9635E-9
383.25385	3.8707E-9
383.8218	3.8387E-9
384.3978	1.7558E-6
385.00042	1.74963E-7
385.5087	5.444E-9
386.01685	4.1829E-9
386.55875	3.8882E-9
387.118	3.7787E-9
387.66568	3.748E-9
388.23729	1.7637E-6
388.76562	2.9086E-7
389.30723	5.2451E-9
389.86892	4.0586E-9
390.39408	3.8156E-9
390.96459	3.7144E-9
391.54409	3.6785E-9
392.11284	1.7342E-6
392.6535	3.0183E-7
393.19791	5.1706E-9
393.69719	4.0479E-9
394.22869	3.754E-9
394.7911	3.6507E-9
395.3322	3.6133E-9
395.91087	1.7701E-6
396.44791	3.2875E-7
397.01418	5.0151E-9
397.52196	3.9575E-9
398.10345	3.6658E-9
398.64766	3.5761E-9
399.21312	3.5509E-9
399.78851	1.6708E-6
400.33346	4.8957E-7
400.90391	4.944E-9
401.41194	3.9006E-9
401.98055	3.6043E-9
402.52581	3.5111E-9
403.07378	3.476E-9
403.70673	1.7739E-6
404.23152	2.7773E-7
404.78099	4.9551E-9
405.3195	3.8222E-9
405.87011	3.547E-9
406.41679	3.4544E-9
406.95967	3.4213E-9
407.52654	1.719E-6
408.05263	4.7816E-7
408.61992	4.8453E-9
409.13567	3.7742E-9
409.70327	3.4862E-9
410.24518	3.3946E-9
410.78812	3.3628E-9
411.36972	1.5716E-6
411.9074	1.4351E-7
412.43957	4.8747E-9
412.97964	3.7163E-9
413.51216	3.4401E-9
414.05809	3.3408E-9
414.605	3.3026E-9
415.18721	1.6628E-6
415.77347	3.0957E-8
416.27089	4.7495E-9
416.85124	3.6147E-9
417.38441	3.3698E-9
417.93275	3.279E-9
418.47422	3.2425E-9
419.07133	1.5536E-6
419.61309	4.5743E-7
420.18517	4.6533E-9
420.71493	3.5928E-9
421.29192	3.3141E-9
421.82655	3.2232E-9
422.38015	3.1831E-9
422.95264	1.7188E-6
423.4959	4.691E-7
424.06586	4.6128E-9
424.59455	3.5444E-9
425.13631	3.2688E-9
425.71778	3.1691E-9
426.26572	3.1307E-9
426.87267	1.7273E-6
427.37889	4.6886E-7
427.9436	4.589E-9
428.45335	3.5175E-9
428.99429	3.2306E-9
429.58048	3.1206E-9
430.12776	3.0817E-9
430.6966	1.5998E-6
431.23272	3.2822E-7
431.79105	4.5509E-9
432.29982	3.4693E-9
432.87411	3.1705E-9
433.42345	3.073E-9
433.97014	3.0318E-9
434.53952	1.6033E-6
435.08214	2.7397E-7
435.64334	4.4771E-9
436.15216	3.4152E-9
436.72116	3.1162E-9
437.27266	3.0197E-9
437.7945	2.978E-9
438.36165	1.5873E-6
439.01307	1.87075E-8
439.44404	4.5714E-9
439.98585	3.3637E-9
440.56311	3.0653E-9
441.09622	2.9661E-9
441.63743	2.9271E-9
442.22519	1.6847E-6
442.75901	3.4989E-7
443.32894	4.3547E-9
443.83733	3.3154E-9
444.38068	3.0284E-9
444.96013	2.9203E-9
445.50183	2.8795E-9
446.06849	1.678E-6
446.60285	2.9002E-7
447.16053	4.3578E-9
447.66675	3.282E-9
448.20998	2.9887E-9
448.75139	2.8822E-9
449.29766	2.8348E-9
449.86953	1.5632E-6
450.41351	2.8808E-7
450.96996	4.3179E-9
451.48533	3.226E-9
452.05382	2.9328E-9
452.59619	2.8298E-9
453.13786	2.7832E-9
453.73203	1.7237E-6
454.2638	2.908E-7
454.84577	4.1671E-9
455.37105	3.1557E-9
455.91323	2.8962E-9
456.45405	2.7882E-9
457.00588	2.7427E-9
457.61242	1.7695E-6
458.13659	1.44513E-7
458.66865	4.2983E-9
459.22024	3.1307E-9
459.78122	2.8488E-9
460.30433	2.7496E-9
460.84543	2.7016E-9
461.41631	1.6658E-6
461.95324	3.3463E-7
462.53006	4.1156E-9
463.03998	3.0957E-9
463.60012	2.8097E-9
464.15709	2.7043E-9
464.70151	2.658E-9
465.29813	1.6519E-6
465.82572	2.27813E-7
466.38125	4.1463E-9
466.88556	3.0766E-9
467.456	2.7703E-9
468.00014	2.6656E-9
468.54147	2.6169E-9
469.1039	1.648E-6
469.69062	2.7317E-7
470.25786	4.0606E-9
470.76552	3.0148E-9
471.30591	2.7259E-9
471.84781	2.6145E-9
472.38851	2.5711E-9
472.98374	1.6108E-6
473.51623	2.6592E-7
474.05637	4.1491E-9
474.60591	2.9678E-9
475.13333	2.6959E-9
475.68742	2.5821E-9
476.23713	2.5319E-9
476.80624	1.5809E-6
477.34759	4.6176E-7
477.91199	4.021E-9
478.40975	2.9588E-9
478.97713	2.6484E-9
479.51718	2.5415E-9
480.05831	2.4946E-9
480.64662	1.6759E-6
481.17855	2.8684E-7
481.7598	3.8909E-9
482.30243	2.8632E-9
482.81513	2.6072E-9
483.3452	2.5037E-9
483.8808	2.4567E-9
484.46655	1.7594E-6
485.0047	2.3617E-7
485.56	3.9518E-9
486.06858	2.8752E-9
486.61353	2.5791E-9
487.15491	2.465E-9
487.72422	2.4177E-9
488.32683	1.5935E-6
488.84064	3.3318E-7
489.40437	3.9011E-9
489.91222	2.842E-9
490.45346	2.5425E-9
491.00185	2.4346E-9
491.56823	2.3838E-9
492.14417	1.7071E-6
492.68081	3.3047E-7
493.25627	3.8259E-9
493.75594	2.8066E-9
494.29574	2.5112E-9
494.88849	2.3951E-9
495.42886	2.3443E-9