0	3.42406E-9
0.26226	3.50955E-9
0.52452	3.59504E-9
0.78679	3.68053E-9
1.04905	3.76602E-9
1.31131	3.85151E-9
1.57357	3.937E-9
1.83584	4.02249E-9
2.0981	4.10798E-9
2.36036	4.19348E-9
2.62262	4.27897E-9
2.88488	4.36446E-9
3.14715	4.44995E-9
3.40941	4.53544E-9
3.67167	4.62093E-9
3.93393	4.70642E-9
4.1962	4.79191E-9
4.45846	4.8774E-9
4.72072	4.96289E-9
4.98298	5.04838E-9
5.24525	5.13387E-9
5.50751	5.21936E-9
5.76977	5.30485E-9
6.03203	5.39034E-9
6.29429	5.47583E-9
6.55656	5.56132E-9
6.81882	5.64681E-9
7.08108	5.7323E-9
7.34334	5.81779E-9
7.60561	5.90328E-9
7.86787	5.98877E-9
8.13013	6.07426E-9
8.39239	6.15975E-9
8.65465	6.24524E-9
8.91692	6.33073E-9
9.17918	6.41622E-9
9.44144	6.50171E-9
9.7037	6.5872E-9
9.96597	6.67269E-9
10.22823	6.75818E-9
10.49049	6.84367E-9
10.75275	6.92916E-9
11.01502	7.01465E-9
11.27728	7.10014E-9
11.53954	7.18563E-9
11.8018	7.27112E-9
12.06406	7.35661E-9
12.32633	7.4421E-9
12.58859	7.52759E-9
12.85085	7.61308E-9
13.11311	7.69857E-9
13.37538	7.78406E-9
13.63764	7.86955E-9
13.8999	7.95504E-9
14.16216	8.04053E-9
14.42442	8.12602E-9
14.68669	8.21151E-9
14.94895	8.297E-9
15.21121	8.38249E-9
15.47347	8.46798E-9
15.73574	8.55347E-9
15.998	8.63896E-9
16.26026	8.72445E-9
16.52252	8.80994E-9
16.78478	8.89543E-9
17.04705	8.98092E-9
17.30931	9.06641E-9
17.57157	9.1519E-9
17.83383	9.23739E-9
18.0961	9.32288E-9
18.35836	9.40837E-9
18.62062	9.49386E-9
18.88288	9.57935E-9
19.14515	9.66484E-9
19.40741	9.75033E-9
19.66967	9.83582E-9
19.93193	9.92131E-9
20.19419	1.00068E-8
20.45646	1.00923E-8
20.71872	1.01778E-8
20.98098	1.02633E-8
21.24324	1.03488E-8
21.50551	1.04343E-8
21.76777	1.05197E-8
22.03003	1.06052E-8
22.29229	1.06907E-8
22.55455	1.07762E-8
22.81682	1.08617E-8
23.07908	1.09472E-8
23.34134	1.10327E-8
23.6036	1.11182E-8
23.86587	1.12037E-8
24.12813	1.12892E-8
24.39039	1.13746E-8
24.65265	1.14601E-8
24.91491	1.15456E-8
25.17718	1.16311E-8
25.43944	1.17166E-8
25.7017	1.18021E-8
25.96396	1.18876E-8
26.22623	1.19731E-8
26.48849	1.20586E-8
26.75075	1.21441E-8
27.01301	1.22295E-8
27.27528	1.2315E-8
27.53754	1.24005E-8
27.7998	1.2486E-8
28.06206	1.25715E-8
28.32432	1.2657E-8
28.58659	1.27425E-8
28.84885	1.2828E-8
29.11111	1.29135E-8
29.37337	1.2999E-8
29.63564	1.30844E-8
29.8979	1.31699E-8
30.16016	1.32554E-8
30.42242	1.33409E-8
30.68468	1.34264E-8
30.94695	1.35119E-8
31.20921	1.35974E-8
31.47147	1.36829E-8
31.73373	1.37684E-8
31.996	1.38539E-8
32.25826	1.39394E-8
32.52052	1.40248E-8
32.78278	1.41103E-8
33.04505	1.41958E-8
33.30731	1.42813E-8
33.56957	1.43668E-8
33.83183	1.44523E-8
34.09409	1.45378E-8
34.35636	1.46233E-8
34.61862	1.47088E-8
34.88088	1.47943E-8
35.14314	1.48797E-8
35.40541	1.49652E-8
35.66767	1.50507E-8
35.92993	1.51362E-8
36.19219	1.52217E-8
36.45445	1.53072E-8
36.71672	1.53927E-8
36.97898	1.54782E-8
37.24124	1.55637E-8
37.5035	1.56492E-8
37.76577	1.57346E-8
38.02803	1.58201E-8
38.29029	1.59056E-8
38.55255	1.59911E-8
38.81481	1.60766E-8
39.07708	1.61621E-8
39.33934	1.62476E-8
39.6016	1.63331E-8
39.86386	1.64186E-8
40.12613	1.65041E-8
40.38839	1.65895E-8
40.65065	1.6675E-8
40.91291	1.67605E-8
41.17518	1.6846E-8
41.43744	1.69315E-8
41.6997	1.7017E-8
41.96196	1.71025E-8
42.22422	1.7188E-8
42.48649	1.72735E-8
42.74875	1.7359E-8
43.01101	1.74444E-8
43.27327	1.75299E-8
43.53554	1.76154E-8
43.7978	1.77009E-8
44.06006	1.77864E-8
44.32232	1.78719E-8
44.58458	1.79574E-8
44.84685	1.80429E-8
45.10911	1.81284E-8
45.37137	1.82139E-8
45.63363	1.82993E-8
45.8959	1.83848E-8
46.15816	1.84703E-8
46.42042	1.85558E-8
46.68268	1.86413E-8
46.94494	1.87268E-8
47.20721	1.88123E-8
47.46947	1.88978E-8
47.73173	1.89833E-8
47.99399	1.90688E-8
48.25626	1.91542E-8
48.51852	1.92397E-8
48.78078	1.93252E-8
49.04304	1.94107E-8
49.30531	1.94962E-8
49.56757	1.95817E-8
49.82983	1.96672E-8
50.09209	1.97527E-8
50.35435	1.98382E-8
50.61662	1.99237E-8
50.87888	2.00092E-8
51.14114	2.00946E-8
51.4034	2.01801E-8
51.66567	2.02656E-8
51.92793	2.03511E-8
52.19019	2.04366E-8
52.45245	2.05221E-8
52.71471	2.06076E-8
52.97698	2.06931E-8
53.23924	2.07786E-8
53.5015	2.08641E-8
53.76376	2.09495E-8
54.02603	2.1035E-8
54.28829	2.11205E-8
54.55055	2.1206E-8
54.81281	2.12915E-8
55.07508	2.1377E-8
55.33734	2.14625E-8
55.5996	2.1548E-8
55.86186	2.16335E-8
56.12412	2.1719E-8
56.38639	2.18044E-8
56.64865	2.18899E-8
56.91091	2.19754E-8
57.17317	2.20609E-8
57.43544	2.21464E-8
57.6977	2.22319E-8
57.95996	2.23174E-8
58.22222	2.24029E-8
58.48448	2.24884E-8
58.74675	2.25739E-8
59.00901	2.26593E-8
59.27127	2.27448E-8
59.53353	2.28303E-8
59.7958	2.29158E-8
60.05806	2.30013E-8
60.32032	2.30868E-8
60.58258	2.31723E-8
60.84484	2.32578E-8
61.10711	2.33433E-8
61.36937	2.34288E-8
61.63163	2.35142E-8
61.89389	2.35997E-8
62.15616	2.36852E-8
62.41842	2.37707E-8
62.68068	2.38562E-8
62.94294	2.39417E-8
63.20521	2.40272E-8
63.46747	2.41127E-8
63.72973	2.41982E-8
63.99199	2.42837E-8
64.25425	2.43691E-8
64.51652	2.44546E-8
64.77878	2.45401E-8
65.04104	2.46256E-8
65.3033	2.47111E-8
65.56557	2.47966E-8
65.82783	2.48821E-8
66.09009	2.49676E-8
66.35235	2.50531E-8
66.61461	2.51386E-8
66.87688	2.5224E-8
67.13914	2.53095E-8
67.4014	2.5395E-8
67.66366	2.54805E-8
67.92593	2.5566E-8
68.18819	2.56515E-8
68.45045	2.5737E-8
68.71271	2.58225E-8
68.97497	2.5908E-8
69.23724	2.59935E-8
69.4995	2.6079E-8
69.76176	2.61644E-8
70.02402	2.62499E-8
70.28629	2.63354E-8
70.54855	2.64209E-8
70.81081	2.65064E-8
71.07307	2.65919E-8
71.33534	2.66774E-8
71.5976	2.67629E-8
71.85986	2.68484E-8
72.12212	2.69339E-8
72.38438	2.70193E-8
72.64665	2.71048E-8
72.90891	2.71903E-8
73.17117	2.72758E-8
73.43343	2.73613E-8
73.6957	2.74468E-8
73.95796	2.75323E-8
74.22022	2.76178E-8
74.48248	2.77033E-8
74.74474	2.77888E-8
75.00701	2.78742E-8
75.26927	2.79597E-8
75.53153	2.80452E-8
75.79379	2.81307E-8
76.05606	2.82162E-8
76.31832	2.83017E-8
76.58058	2.83872E-8
76.84284	2.84727E-8
77.10511	2.85582E-8
77.36737	2.86437E-8
77.62963	2.87291E-8
77.89189	2.88146E-8
78.15415	2.89001E-8
78.41642	2.89856E-8
78.67868	2.90711E-8
78.94094	2.91566E-8
79.2032	2.92421E-8
79.46547	2.93276E-8
79.72773	2.94131E-8
79.98999	2.94986E-8
80.25225	2.9584E-8
80.51451	2.96695E-8
80.77678	2.9755E-8
81.03904	2.98405E-8
81.3013	2.9926E-8
81.56356	3.00115E-8
81.82583	3.0097E-8
82.08809	3.01825E-8
82.35035	3.0268E-8
82.61261	3.03535E-8
82.87487	3.04389E-8
83.13714	3.05244E-8
83.3994	3.06099E-8
83.66166	3.06954E-8
83.92392	3.07809E-8
84.18619	3.08664E-8
84.44845	3.09519E-8
84.71071	3.10374E-8
84.97297	3.11229E-8
85.23524	3.12084E-8
85.4975	3.12938E-8
85.75976	3.13793E-8
86.02202	3.14648E-8
86.28428	3.15503E-8
86.54655	3.16358E-8
86.80881	3.17213E-8
87.07107	3.18068E-8
87.33333	3.18923E-8
87.5956	3.19778E-8
87.85786	3.20633E-8
88.12012	3.21487E-8
88.38238	3.22342E-8
88.64464	3.23197E-8
88.90691	3.24052E-8
89.16917	3.24907E-8
89.43143	3.25762E-8
89.69369	3.26617E-8
89.95596	3.27472E-8
90.21822	3.28327E-8
90.48048	3.29182E-8
90.74274	3.30037E-8
91.00501	3.30891E-8
91.26727	3.31746E-8
91.52953	3.32601E-8
91.79179	3.33456E-8
92.05405	3.34311E-8
92.31632	3.35166E-8
92.57858	3.36021E-8
92.84084	3.36876E-8
93.1031	3.37731E-8
93.36537	3.38586E-8
93.62763	3.3944E-8
93.88989	3.40295E-8
94.15215	3.4115E-8
94.41441	3.42005E-8
94.67668	3.4286E-8
94.93894	3.43715E-8
95.2012	3.4457E-8
95.46346	3.45425E-8
95.72573	3.4628E-8
95.98799	3.47135E-8
96.25025	3.47989E-8
96.51251	3.48844E-8
96.77477	3.49699E-8
97.03704	3.50554E-8
97.2993	3.51409E-8
97.56156	3.52264E-8
97.82382	3.53119E-8
98.08609	3.53974E-8
98.34835	3.54829E-8
98.61061	3.55684E-8
98.87287	3.56538E-8
99.13514	3.57393E-8
99.3974	3.58248E-8
99.65966	3.59103E-8
99.92192	3.59958E-8
100.18418	3.60813E-8
100.44645	3.61668E-8
100.70871	3.62523E-8
100.97097	3.63378E-8
101.23323	3.64233E-8
101.4955	3.65087E-8
101.75776	3.65942E-8
102.02002	3.66797E-8
102.28228	3.67652E-8
102.54454	3.68507E-8
102.80681	3.69362E-8
103.06907	3.70217E-8
103.33133	3.71072E-8
103.59359	3.71927E-8
103.85586	3.72782E-8
104.11812	3.73636E-8
104.38038	3.74491E-8
104.64264	3.75346E-8
104.9049	3.76201E-8
105.16717	3.77056E-8
105.42943	3.77911E-8
105.69169	3.78766E-8
105.95395	3.79621E-8
106.21622	3.80476E-8
106.47848	3.81331E-8
106.74074	3.82185E-8
107.003	3.8304E-8
107.26527	3.83895E-8
107.52753	3.8475E-8
107.78979	3.85605E-8
108.05205	3.8646E-8
108.31431	3.87315E-8
108.57658	3.8817E-8
108.83884	3.89025E-8
109.1011	3.8988E-8
109.36336	3.90735E-8
109.62563	3.91589E-8
109.88789	3.92444E-8
110.15015	3.93299E-8
110.41241	3.94154E-8
110.67467	3.95009E-8
110.93694	3.95864E-8
111.1992	3.96719E-8
111.46146	3.97574E-8
111.72372	3.98429E-8
111.98599	3.99284E-8
112.24825	4.00138E-8
112.51051	4.00993E-8
112.77277	4.01848E-8
113.03504	4.02703E-8
113.2973	4.03558E-8
113.55956	4.04413E-8
113.82182	4.05268E-8
114.08408	4.06123E-8
114.34635	4.06978E-8
114.60861	4.07833E-8
114.87087	4.08687E-8
115.13313	4.09542E-8
115.3954	4.10397E-8
115.65766	4.11252E-8
115.91992	4.12107E-8
116.18218	4.12962E-8
116.44444	4.13817E-8
116.70671	4.14672E-8
116.96897	4.15527E-8
117.23123	4.16382E-8
117.49349	4.17236E-8
117.75576	4.18091E-8
118.01802	4.18946E-8
118.28028	4.19801E-8
118.54254	4.20656E-8
118.8048	4.21511E-8
119.06707	4.22366E-8
119.32933	4.23221E-8
119.59159	4.24076E-8
119.85385	4.24931E-8
120.11612	4.25785E-8
120.37838	4.2664E-8
120.64064	4.27495E-8
120.9029	4.2835E-8
121.16517	4.29205E-8
121.42743	4.3006E-8
121.68969	4.30915E-8
121.95195	4.3177E-8
122.21421	4.32625E-8
122.47648	4.3348E-8
122.73874	4.34334E-8
123.001	4.35189E-8
123.26326	4.36044E-8
123.52553	4.36899E-8
123.78779	4.37754E-8
124.05005	4.38609E-8
124.31231	4.39464E-8
124.57457	4.40319E-8
124.83684	4.41174E-8
125.0991	4.42029E-8
125.36136	4.42883E-8
125.62362	4.43738E-8
125.88589	4.44593E-8
126.14815	4.45448E-8
126.41041	4.46303E-8
126.67267	4.47158E-8
126.93493	4.48013E-8
127.1972	4.48868E-8
127.45946	4.49723E-8
127.72172	4.50578E-8
127.98398	4.51433E-8
128.24625	4.52287E-8
128.50851	4.53142E-8
128.77077	4.53997E-8
129.03303	4.54852E-8
129.2953	4.55707E-8
129.55756	4.56562E-8
129.81982	4.57417E-8
130.08208	4.58272E-8
130.34434	4.59127E-8
130.60661	4.59982E-8
130.86887	4.60836E-8
131.13113	4.61691E-8
131.39339	4.62546E-8
131.65566	4.63401E-8
131.91792	4.64256E-8
132.18018	4.65111E-8
132.44244	4.65966E-8
132.7047	4.66821E-8
132.96697	4.67676E-8
133.22923	4.68531E-8
133.49149	4.69385E-8
133.75375	4.7024E-8
134.01602	4.71095E-8
134.27828	4.7195E-8
134.54054	4.72805E-8
134.8028	4.7366E-8
135.06507	4.74515E-8
135.32733	4.7537E-8
135.58959	4.76225E-8
135.85185	4.7708E-8
136.11411	4.77934E-8
136.37638	4.78789E-8
136.63864	4.79644E-8
136.9009	4.80499E-8
137.16316	4.81354E-8
137.42543	4.82209E-8
137.68769	4.83064E-8
137.94995	4.83919E-8
138.21221	4.84774E-8
138.47447	4.85629E-8
138.73674	4.86483E-8
138.999	4.87338E-8
139.26126	4.88193E-8
139.52352	4.89048E-8
139.78579	4.89903E-8
140.04805	4.90758E-8
140.31031	4.91613E-8
140.57257	4.92468E-8
140.83483	4.93323E-8
141.0971	4.94178E-8
141.35936	4.95032E-8
141.62162	4.95887E-8
141.88388	4.96742E-8
142.14615	4.97597E-8
142.40841	4.98452E-8
142.67067	4.99307E-8
142.93293	5.00162E-8
143.1952	5.01017E-8
143.45746	5.01872E-8
143.71972	5.02727E-8
143.98198	5.03581E-8
144.24424	5.04436E-8
144.50651	5.05291E-8
144.76877	5.06146E-8
145.03103	5.07001E-8
145.29329	5.07856E-8
145.55556	5.08711E-8
145.81782	5.09566E-8
146.08008	5.10421E-8
146.34234	5.11276E-8
146.6046	5.12131E-8
146.86687	5.12985E-8
147.12913	5.1384E-8
147.39139	5.14695E-8
147.65365	5.1555E-8
147.91592	5.16405E-8
148.17818	5.1726E-8
148.44044	5.18115E-8
148.7027	5.1897E-8
148.96496	5.19825E-8
149.22723	5.2068E-8
149.48949	5.21534E-8
149.75175	5.22389E-8
150.01401	5.23244E-8
150.27628	5.24099E-8
150.53854	5.24954E-8
150.8008	5.25809E-8
151.06306	5.26664E-8
151.32533	5.27519E-8
151.58759	5.28374E-8
151.84985	5.29229E-8
152.11211	5.30083E-8
152.37437	5.30938E-8
152.63664	5.31793E-8
152.8989	5.32648E-8
153.16116	5.33503E-8
153.42342	5.34358E-8
153.68569	5.35213E-8
153.94795	5.36068E-8
154.21021	5.36923E-8
154.47247	5.37778E-8
154.73473	5.38632E-8
154.997	5.39487E-8
155.25926	5.40342E-8
155.52152	5.41197E-8
155.78378	5.42052E-8
156.04605	5.42907E-8
156.30831	5.43762E-8
156.57057	5.44617E-8
156.83283	5.45472E-8
157.0951	5.46327E-8
157.35736	5.47181E-8
157.61962	5.48036E-8
157.88188	5.48891E-8
158.14414	5.49746E-8
158.40641	5.50601E-8
158.66867	5.51456E-8
158.93093	5.52311E-8
159.19319	5.53166E-8
159.45546	5.54021E-8
159.71772	5.54876E-8
159.97998	5.5573E-8
160.24224	5.56585E-8
160.5045	5.5744E-8
160.76677	5.58295E-8
161.02903	5.5915E-8
161.29129	5.60005E-8
161.55355	5.6086E-8
161.81582	5.61715E-8
162.07808	5.6257E-8
162.34034	5.63425E-8
162.6026	5.64279E-8
162.86486	5.65134E-8
163.12713	5.65989E-8
163.38939	5.66844E-8
163.65165	5.67699E-8
163.91391	5.68554E-8
164.17618	5.69409E-8
164.43844	5.70264E-8
164.7007	5.71119E-8
164.96296	5.71974E-8
165.22523	5.72828E-8
165.48749	5.73683E-8
165.74975	5.74538E-8
166.01201	5.75393E-8
166.27427	5.76248E-8
166.53654	5.77103E-8
166.7988	5.77958E-8
167.06106	5.78813E-8
167.32332	5.79668E-8
167.58559	5.80523E-8
167.84785	5.81378E-8
168.11011	5.82232E-8
168.37237	5.83087E-8
168.63463	5.83942E-8
168.8969	5.84797E-8
169.15916	5.85652E-8
169.42142	5.86507E-8
169.68368	5.87362E-8
169.94595	5.88217E-8
170.20821	5.89072E-8
170.47047	5.89927E-8
170.73273	5.90781E-8
170.99499	5.91636E-8
171.25726	5.92491E-8
171.51952	5.93346E-8
171.78178	5.94201E-8
172.04404	5.95056E-8
172.30631	5.95911E-8
172.56857	5.96766E-8
172.83083	5.97621E-8
173.09309	5.98476E-8
173.35536	5.9933E-8
173.61762	6.00185E-8
173.87988	6.0104E-8
174.14214	6.01895E-8
174.4044	6.0275E-8
174.66667	6.03605E-8
174.92893	6.0446E-8
175.19119	6.05315E-8
175.45345	6.0617E-8
175.71572	6.07025E-8
175.97798	6.07879E-8
176.24024	6.08734E-8
176.5025	6.09589E-8
176.76476	6.10444E-8
177.02703	6.11299E-8
177.28929	6.12154E-8
177.55155	6.13009E-8
177.81381	6.13864E-8
178.07608	6.14719E-8
178.33834	6.15574E-8
178.6006	6.16428E-8
178.86286	6.17283E-8
179.12513	6.18138E-8
179.38739	6.18993E-8
179.64965	6.19848E-8
179.91191	6.20703E-8
180.17417	6.21558E-8
180.43644	6.22413E-8
180.6987	6.23268E-8
180.96096	6.24123E-8
181.22322	6.24977E-8
181.48549	6.25832E-8
181.74775	6.26687E-8
182.01001	6.27542E-8
182.27227	6.28397E-8
182.53453	6.29252E-8
182.7968	6.30107E-8
183.05906	6.30962E-8
183.32132	6.31817E-8
183.58358	6.32672E-8
183.84585	6.33526E-8
184.10811	6.34381E-8
184.37037	6.35236E-8
184.63263	6.36091E-8
184.89489	6.36946E-8
185.15716	6.37801E-8
185.41942	6.38656E-8
185.68168	6.39511E-8
185.94394	6.40366E-8
186.20621	6.41221E-8
186.46847	6.42076E-8
186.73073	6.4293E-8
186.99299	6.43785E-8
187.25526	6.4464E-8
187.51752	6.45495E-8
187.77978	6.4635E-8
188.04204	6.47205E-8
188.3043	6.4806E-8
188.56657	6.48915E-8
188.82883	6.4977E-8
189.09109	6.50625E-8
189.35335	6.51479E-8
189.61562	6.52334E-8
189.87788	6.53189E-8
190.14014	6.54044E-8
190.4024	6.54899E-8
190.66466	6.55754E-8
190.92693	6.56609E-8
191.18919	6.57464E-8
191.45145	6.58319E-8
191.71371	6.59174E-8
191.97598	6.60028E-8
192.23824	6.60883E-8
192.5005	6.61738E-8
192.76276	6.62593E-8
193.02503	6.63448E-8
193.28729	6.64303E-8
193.54955	6.65158E-8
193.81181	6.66013E-8
194.07407	6.66868E-8
194.33634	6.67723E-8
194.5986	6.68577E-8
194.86086	6.69432E-8
195.12312	6.70287E-8
195.38539	6.71142E-8
195.64765	6.71997E-8
195.90991	6.72852E-8
196.17217	6.73707E-8
196.43443	6.74562E-8
196.6967	6.75417E-8
196.95896	6.76272E-8
197.22122	6.77126E-8
197.48348	6.77981E-8
197.74575	6.78836E-8
198.00801	6.79691E-8
198.27027	6.80546E-8
198.53253	6.81401E-8
198.79479	6.82256E-8
199.05706	6.83111E-8
199.31932	6.83966E-8
199.58158	6.84821E-8
199.84384	6.85675E-8
200.10611	6.8653E-8
200.36837	6.87385E-8
200.63063	6.8824E-8
200.89289	6.89095E-8
201.15516	6.8995E-8
201.41742	6.90805E-8
201.67968	6.9166E-8
201.94194	6.92515E-8
202.2042	6.9337E-8
202.46647	6.94224E-8
202.72873	6.95079E-8
202.99099	6.95934E-8
203.25325	6.96789E-8
203.51552	6.97644E-8
203.77778	6.98499E-8
204.04004	6.99354E-8
204.3023	7.00209E-8
204.56456	7.01064E-8
204.82683	7.01919E-8
205.08909	7.02774E-8
205.35135	7.03628E-8
205.61361	7.04483E-8
205.87588	7.05338E-8
206.13814	7.06193E-8
206.4004	7.07048E-8
206.66266	7.07903E-8
206.92492	7.08758E-8
207.18719	7.09613E-8
207.44945	7.10468E-8
207.71171	7.11323E-8
207.97397	7.12177E-8
208.23624	7.13032E-8
208.4985	7.13887E-8
208.76076	7.14742E-8
209.02302	7.15597E-8
209.28529	7.16452E-8
209.54755	7.17307E-8
209.80981	7.18162E-8
210.07207	7.19017E-8
210.33433	7.19872E-8
210.5966	7.20726E-8
210.85886	7.21581E-8
211.12112	7.22436E-8
211.38338	7.23291E-8
211.64565	7.24146E-8
211.90791	7.25001E-8
212.17017	7.25856E-8
212.43243	7.26711E-8
212.69469	7.27566E-8
212.95696	7.28421E-8
213.21922	7.29275E-8
213.48148	7.3013E-8
213.74374	7.30985E-8
214.00601	7.3184E-8
214.26827	7.32695E-8
214.53053	7.3355E-8
214.79279	7.34405E-8
215.05506	7.3526E-8
215.31732	7.36115E-8
215.57958	7.3697E-8
215.84184	7.37824E-8
216.1041	7.38679E-8
216.36637	7.39534E-8
216.62863	7.40389E-8
216.89089	7.41244E-8
217.15315	7.42099E-8
217.41542	7.42954E-8
217.67768	7.43809E-8
217.93994	7.44664E-8
218.2022	7.45519E-8
218.46446	7.46373E-8
218.72673	7.47228E-8
218.98899	7.48083E-8
219.25125	7.48938E-8
219.51351	7.49793E-8
219.77578	7.50648E-8
220.03804	7.51503E-8
220.3003	7.52358E-8
220.56256	7.53213E-8
220.82482	7.54068E-8
221.08709	7.54922E-8
221.34935	7.55777E-8
221.61161	7.56632E-8
221.87387	7.57487E-8
222.13614	7.58342E-8
222.3984	7.59197E-8
222.66066	7.60052E-8
222.92292	7.60907E-8
223.18519	7.61762E-8
223.44745	7.62617E-8
223.70971	7.63472E-8
223.97197	7.64326E-8
224.23423	7.65181E-8
224.4965	7.66036E-8
224.75876	7.66891E-8
225.02102	7.67746E-8
225.28328	7.68601E-8
225.54555	7.69456E-8
225.80781	7.70311E-8
226.07007	7.71166E-8
226.33233	7.72021E-8
226.59459	7.72875E-8
226.85686	7.7373E-8
227.11912	7.74585E-8
227.38138	7.7544E-8
227.64364	7.76295E-8
227.90591	7.7715E-8
228.16817	7.78005E-8
228.43043	7.7886E-8
228.69269	7.79715E-8
228.95495	7.8057E-8
229.21722	7.81424E-8
229.47948	7.82279E-8
229.74174	7.83134E-8
230.004	7.83989E-8
230.26627	7.84844E-8
230.52853	7.85699E-8
230.79079	7.86554E-8
231.05305	7.87409E-8
231.31532	7.88264E-8
231.57758	7.89119E-8
231.83984	7.89973E-8
232.1021	7.90828E-8
232.36436	7.91683E-8
232.62663	7.92538E-8
232.88889	7.93393E-8
233.15115	7.94248E-8
233.41341	7.95103E-8
233.67568	7.95958E-8
233.93794	7.96813E-8
234.2002	7.97668E-8
234.46246	7.98522E-8
234.72472	7.99377E-8
234.98699	8.00232E-8
235.24925	8.01087E-8
235.51151	8.01942E-8
235.77377	8.02797E-8
236.03604	8.03652E-8
236.2983	8.04507E-8
236.56056	8.05362E-8
236.82282	8.06217E-8
237.08509	8.07071E-8
237.34735	8.07926E-8
237.60961	8.08781E-8
237.87187	8.09636E-8
238.13413	8.10491E-8
238.3964	8.11346E-8
238.65866	8.12201E-8
238.92092	8.13056E-8
239.18318	8.13911E-8
239.44545	8.14766E-8
239.70771	8.1562E-8
239.96997	8.16475E-8
240.23223	8.1733E-8
240.49449	8.18185E-8
240.75676	8.1904E-8
241.01902	8.19895E-8
241.28128	8.2075E-8
241.54354	8.21605E-8
241.80581	8.2246E-8
242.06807	8.23315E-8
242.33033	8.2417E-8
242.59259	8.25024E-8
242.85485	8.25879E-8
243.11712	8.26734E-8
243.37938	8.27589E-8
243.64164	8.28444E-8
243.9039	8.29299E-8
244.16617	8.30154E-8
244.42843	8.31009E-8
244.69069	8.31864E-8
244.95295	8.32719E-8
245.21522	8.33573E-8
245.47748	8.34428E-8
245.73974	8.35283E-8
246.002	8.36138E-8
246.26426	8.36993E-8
246.52653	8.37848E-8
246.78879	8.38703E-8
247.05105	8.39558E-8
247.31331	8.40413E-8
247.57558	8.41268E-8
247.83784	8.42122E-8
248.1001	8.42977E-8
248.36236	8.43832E-8
248.62462	8.44687E-8
248.88689	8.45542E-8
249.14915	8.46397E-8
249.41141	8.47252E-8
249.67367	8.48107E-8
249.93594	8.48962E-8
250.1982	8.49817E-8
250.46046	8.50671E-8
250.72272	8.51526E-8
250.98498	8.52381E-8
251.24725	8.53236E-8
251.50951	8.54091E-8
251.77177	8.54946E-8
252.03403	8.55801E-8
252.2963	8.56656E-8
252.55856	8.57511E-8
252.82082	8.58366E-8
253.08308	8.5922E-8
253.34535	8.60075E-8
253.60761	8.6093E-8
253.86987	8.61785E-8
254.13213	8.6264E-8
254.39439	8.63495E-8
254.65666	8.6435E-8
254.91892	8.65205E-8
255.18118	8.6606E-8
255.44344	8.66915E-8
255.70571	8.67769E-8
255.96797	8.68624E-8
256.23023	8.69479E-8
256.49249	8.70334E-8
256.75475	8.71189E-8
257.01702	8.72044E-8
257.27928	8.72899E-8
257.54154	8.73754E-8
257.8038	8.74609E-8
258.06607	8.75464E-8
258.32833	8.76318E-8
258.59059	8.77173E-8
258.85285	8.78028E-8
259.11512	8.78883E-8
259.37738	8.79738E-8
259.63964	8.80593E-8
259.9019	8.81448E-8
260.16416	8.82303E-8
260.42643	8.83158E-8
260.68869	8.84013E-8
260.95095	8.84867E-8
261.21321	8.85722E-8
261.47548	8.86577E-8
261.73774	8.87432E-8
262	8.88287E-8