200	1.73075	200	-1.54597E-4	-1.54597E-4	1.73075	-1.54597E-4	-0.01279	11.90476	-0.01818	5.95238
202.8028	1.72907	500	0.00707	0.00707	1.5798	0.00707	-0.00958	30.95238	0.01818	94.04762
205.60561	1.72739	800	-0.01279	-0.01279	1.47497	-0.01279	-1.54597E-4	50		
208.40841	1.72572	2000	0.01546	0.01546	1.29215	0.01546	0.00707	69.04762		
211.21121	1.72406	3000	-0.00958	-0.00958	1.25318	-0.00958	0.01546	88.09524		
214.01401	1.7224									
216.81682	1.72075									
219.61962	1.71911									
222.42242	1.71747									
225.22523	1.71583									
228.02803	1.7142									
230.83083	1.71258									
233.63363	1.71096									
236.43644	1.70935									
239.23924	1.70774									
242.04204	1.70614									
244.84484	1.70454									
247.64765	1.70295									
250.45045	1.70136									
253.25325	1.69978									
256.05606	1.69821									
258.85886	1.69664									
261.66166	1.69507									
264.46446	1.69352									
267.26727	1.69196									
270.07007	1.69041									
272.87287	1.68887									
275.67568	1.68733									
278.47848	1.6858									
281.28128	1.68427									
284.08408	1.68275									
286.88689	1.68123									
289.68969	1.67972									
292.49249	1.67822									
295.2953	1.67671									
298.0981	1.67522									
300.9009	1.67373									
303.7037	1.67224									
306.50651	1.67076									
309.30931	1.66928									
312.11211	1.66781									
314.91491	1.66635									
317.71772	1.66489									
320.52052	1.66343									
323.32332	1.66198									
326.12613	1.66053									
328.92893	1.65909									
331.73173	1.65765									
334.53453	1.65622									
337.33734	1.6548									
340.14014	1.65337									
342.94294	1.65196									
345.74575	1.65054									
348.54855	1.64914									
351.35135	1.64773									
354.15415	1.64634									
356.95696	1.64494									
359.75976	1.64356									
362.56256	1.64217									
365.36537	1.64079									
368.16817	1.63942									
370.97097	1.63805									
373.77377	1.63668									
376.57658	1.63532									
379.37938	1.63397									
382.18218	1.63262									
384.98498	1.63127									
387.78779	1.62993									
390.59059	1.62859									
393.39339	1.62726									
396.1962	1.62593									
398.999	1.62461									
401.8018	1.62329									
404.6046	1.62197									
407.40741	1.62066									
410.21021	1.61936									
413.01301	1.61806									
415.81582	1.61676									
418.61862	1.61547									
421.42142	1.61418									
424.22422	1.61289									
427.02703	1.61162									
429.82983	1.61034									
432.63263	1.60907									
435.43544	1.6078									
438.23824	1.60654									
441.04104	1.60528									
443.84384	1.60403									
446.64665	1.60278									
449.44945	1.60154									
452.25225	1.6003									
455.05506	1.59906									
457.85786	1.59783									
460.66066	1.5966									
463.46346	1.59538									
466.26627	1.59416									
469.06907	1.59294									
471.87187	1.59173									
474.67467	1.59052									
477.47748	1.58932									
480.28028	1.58812									
483.08308	1.58692									
485.88589	1.58573									
488.68869	1.58455									
491.49149	1.58336									
494.29429	1.58218									
497.0971	1.58101									
499.8999	1.57984									
500	1.5798									
502.7027	1.57867									
505.50551	1.57751									
508.30831	1.57635									
511.11111	1.57519									
513.91391	1.57404									
516.71672	1.5729									
519.51952	1.57175									
522.32232	1.57061									
525.12513	1.56948									
527.92793	1.56835									
530.73073	1.56722									
533.53353	1.56609									
536.33634	1.56497									
539.13914	1.56386									
541.94194	1.56275									
544.74474	1.56164									
547.54755	1.56053									
550.35035	1.55943									
553.15315	1.55833									
555.95596	1.55724									
558.75876	1.55615									
561.56156	1.55506									
564.36436	1.55398									
567.16717	1.5529									
569.96997	1.55183									
572.77277	1.55075									
575.57558	1.54969									
578.37838	1.54862									
581.18118	1.54756									
583.98398	1.5465									
586.78679	1.54545									
589.58959	1.5444									
592.39239	1.54335									
595.1952	1.54231									
597.998	1.54127									
600.8008	1.54024									
603.6036	1.5392									
606.40641	1.53818									
609.20921	1.53715									
612.01201	1.53613									
614.81481	1.53511									
617.61762	1.5341									
620.42042	1.53308									
623.22322	1.53208									
626.02603	1.53107									
628.82883	1.53007									
631.63163	1.52907									
634.43443	1.52808									
637.23724	1.52709									
640.04004	1.5261									
642.84284	1.52512									
645.64565	1.52414									
648.44845	1.52316									
651.25125	1.52218									
654.05405	1.52121									
656.85686	1.52025									
659.65966	1.51928									
662.46246	1.51832									
665.26527	1.51736									
668.06807	1.51641									
670.87087	1.51546									
673.67367	1.51451									
676.47648	1.51357									
679.27928	1.51262									
682.08208	1.51169									
684.88488	1.51075									
687.68769	1.50982									
690.49049	1.50889									
693.29329	1.50796									
696.0961	1.50704									
698.8989	1.50612									
701.7017	1.50521									
704.5045	1.50429									
707.30731	1.50338									
710.11011	1.50248									
712.91291	1.50157									
715.71572	1.50067									
718.51852	1.49977									
721.32132	1.49888									
724.12412	1.49799									
726.92693	1.4971									
729.72973	1.49621									
732.53253	1.49533									
735.33534	1.49445									
738.13814	1.49358									
740.94094	1.4927									
743.74374	1.49183									
746.54655	1.49096									
749.34935	1.4901									
752.15215	1.48924									
754.95495	1.48838									
757.75776	1.48752									
760.56056	1.48667									
763.36336	1.48582									
766.16617	1.48497									
768.96897	1.48413									
771.77177	1.48329									
774.57457	1.48245									
777.37738	1.48161									
780.18018	1.48078									
782.98298	1.47995									
785.78579	1.47912									
788.58859	1.4783									
791.39139	1.47748									
794.19419	1.47666									
796.997	1.47584									
799.7998	1.47503									
800	1.47497									
802.6026	1.47422									
805.40541	1.47341									
808.20821	1.47261									
811.01101	1.4718									
813.81381	1.47101									
816.61662	1.47021									
819.41942	1.46941									
822.22222	1.46862									
825.02503	1.46783									
827.82783	1.46705									
830.63063	1.46627									
833.43343	1.46548									
836.23624	1.46471									
839.03904	1.46393									
841.84184	1.46316									
844.64464	1.46239									
847.44745	1.46162									
850.25025	1.46086									
853.05305	1.46009									
855.85586	1.45933									
858.65866	1.45858									
861.46146	1.45782									
864.26426	1.45707									
867.06707	1.45632									
869.86987	1.45557									
872.67267	1.45483									
875.47548	1.45409									
878.27828	1.45335									
881.08108	1.45261									
883.88388	1.45188									
886.68669	1.45115									
889.48949	1.45042									
892.29229	1.44969									
895.0951	1.44897									
897.8979	1.44825									
900.7007	1.44753									
903.5035	1.44681									
906.30631	1.44609									
909.10911	1.44538									
911.91191	1.44467									
914.71471	1.44397									
917.51752	1.44326									
920.32032	1.44256									
923.12312	1.44186									
925.92593	1.44116									
928.72873	1.44047									
931.53153	1.43977									
934.33433	1.43908									
937.13714	1.43839									
939.93994	1.43771									
942.74274	1.43703									
945.54555	1.43634									
948.34835	1.43567									
951.15115	1.43499									
953.95395	1.43431									
956.75676	1.43364									
959.55956	1.43297									
962.36236	1.43231									
965.16517	1.43164									
967.96797	1.43098									
970.77077	1.43032									
973.57357	1.42966									
976.37638	1.429									
979.17918	1.42835									
981.98198	1.4277									
984.78478	1.42705									
987.58759	1.4264									
990.39039	1.42576									
993.19319	1.42511									
995.996	1.42447									
998.7988	1.42383									
1001.6016	1.4232									
1004.4044	1.42256									
1007.20721	1.42193									
1010.01001	1.4213									
1012.81281	1.42067									
1015.61562	1.42005									
1018.41842	1.41942									
1021.22122	1.4188									
1024.02402	1.41818									
1026.82683	1.41757									
1029.62963	1.41695									
1032.43243	1.41634									
1035.23524	1.41573									
1038.03804	1.41512									
1040.84084	1.41451									
1043.64364	1.41391									
1046.44645	1.41331									
1049.24925	1.41271									
1052.05205	1.41211									
1054.85485	1.41151									
1057.65766	1.41092									
1060.46046	1.41032									
1063.26326	1.40973									
1066.06607	1.40915									
1068.86887	1.40856									
1071.67167	1.40797									
1074.47447	1.40739									
1077.27728	1.40681									
1080.08008	1.40623									
1082.88288	1.40566									
1085.68569	1.40508									
1088.48849	1.40451									
1091.29129	1.40394									
1094.09409	1.40337									
1096.8969	1.4028									
1099.6997	1.40224									
1102.5025	1.40168									
1105.30531	1.40112									
1108.10811	1.40056									
1110.91091	1.4									
1113.71371	1.39944									
1116.51652	1.39889									
1119.31932	1.39834									
1122.12212	1.39779									
1124.92492	1.39724									
1127.72773	1.3967									
1130.53053	1.39615									
1133.33333	1.39561									
1136.13614	1.39507									
1138.93894	1.39453									
1141.74174	1.39399									
1144.54454	1.39346									
1147.34735	1.39293									
1150.15015	1.3924									
1152.95295	1.39187									
1155.75576	1.39134									
1158.55856	1.39081									
1161.36136	1.39029									
1164.16416	1.38977									
1166.96697	1.38925									
1169.76977	1.38873									
1172.57257	1.38821									
1175.37538	1.3877									
1178.17818	1.38718									
1180.98098	1.38667									
1183.78378	1.38616									
1186.58659	1.38565									
1189.38939	1.38515									
1192.19219	1.38464									
1194.99499	1.38414									
1197.7978	1.38364									
1200.6006	1.38314									
1203.4034	1.38264									
1206.20621	1.38214									
1209.00901	1.38165									
1211.81181	1.38116									
1214.61461	1.38067									
1217.41742	1.38018									
1220.22022	1.37969									
1223.02302	1.3792									
1225.82583	1.37872									
1228.62863	1.37823									
1231.43143	1.37775									
1234.23423	1.37727									
1237.03704	1.3768									
1239.83984	1.37632									
1242.64264	1.37584									
1245.44545	1.37537									
1248.24825	1.3749									
1251.05105	1.37443									
1253.85385	1.37396									
1256.65666	1.3735									
1259.45946	1.37303									
1262.26226	1.37257									
1265.06507	1.37211									
1267.86787	1.37164									
1270.67067	1.37119									
1273.47347	1.37073									
1276.27628	1.37027									
1279.07908	1.36982									
1281.88188	1.36937									
1284.68468	1.36892									
1287.48749	1.36847									
1290.29029	1.36802									
1293.09309	1.36757									
1295.8959	1.36713									
1298.6987	1.36668									
1301.5015	1.36624									
1304.3043	1.3658									
1307.10711	1.36536									
1309.90991	1.36492									
1312.71271	1.36449									
1315.51552	1.36405									
1318.31832	1.36362									
1321.12112	1.36319									
1323.92392	1.36276									
1326.72673	1.36233									
1329.52953	1.3619									
1332.33233	1.36148									
1335.13514	1.36105									
1337.93794	1.36063									
1340.74074	1.36021									
1343.54354	1.35979									
1346.34635	1.35937									
1349.14915	1.35895									
1351.95195	1.35854									
1354.75475	1.35812									
1357.55756	1.35771									
1360.36036	1.3573									
1363.16316	1.35689									
1365.96597	1.35648									
1368.76877	1.35607									
1371.57157	1.35567									
1374.37437	1.35526									
1377.17718	1.35486									
1379.97998	1.35446									
1382.78278	1.35406									
1385.58559	1.35366									
1388.38839	1.35326									
1391.19119	1.35287									
1393.99399	1.35247									
1396.7968	1.35208									
1399.5996	1.35169									
1402.4024	1.35129									
1405.20521	1.35091									
1408.00801	1.35052									
1410.81081	1.35013									
1413.61361	1.34974									
1416.41642	1.34936									
1419.21922	1.34898									
1422.02202	1.3486									
1424.82482	1.34822									
1427.62763	1.34784									
1430.43043	1.34746									
1433.23323	1.34708									
1436.03604	1.34671									
1438.83884	1.34633									
1441.64164	1.34596									
1444.44444	1.34559									
1447.24725	1.34522									
1450.05005	1.34485									
1452.85285	1.34448									
1455.65566	1.34412									
1458.45846	1.34375									
1461.26126	1.34339									
1464.06406	1.34302									
1466.86687	1.34266									
1469.66967	1.3423									
1472.47247	1.34194									
1475.27528	1.34159									
1478.07808	1.34123									
1480.88088	1.34087									
1483.68368	1.34052									
1486.48649	1.34017									
1489.28929	1.33981									
1492.09209	1.33946									
1494.89489	1.33911									
1497.6977	1.33877									
1500.5005	1.33842									
1503.3033	1.33807									
1506.10611	1.33773									
1508.90891	1.33739									
1511.71171	1.33704									
1514.51451	1.3367									
1517.31732	1.33636									
1520.12012	1.33602									
1522.92292	1.33569									
1525.72573	1.33535									
1528.52853	1.33501									
1531.33133	1.33468									
1534.13413	1.33435									
1536.93694	1.33402									
1539.73974	1.33368									
1542.54254	1.33335									
1545.34535	1.33303									
1548.14815	1.3327									
1550.95095	1.33237									
1553.75375	1.33205									
1556.55656	1.33172									
1559.35936	1.3314									
1562.16216	1.33108									
1564.96496	1.33076									
1567.76777	1.33044									
1570.57057	1.33012									
1573.37337	1.3298									
1576.17618	1.32948									
1578.97898	1.32917									
1581.78178	1.32886									
1584.58458	1.32854									
1587.38739	1.32823									
1590.19019	1.32792									
1592.99299	1.32761									
1595.7958	1.3273									
1598.5986	1.32699									
1601.4014	1.32668									
1604.2042	1.32638									
1607.00701	1.32607									
1609.80981	1.32577									
1612.61261	1.32547									
1615.41542	1.32517									
1618.21822	1.32487									
1621.02102	1.32457									
1623.82382	1.32427									
1626.62663	1.32397									
1629.42943	1.32367									
1632.23223	1.32338									
1635.03504	1.32308									
1637.83784	1.32279									
1640.64064	1.3225									
1643.44344	1.3222									
1646.24625	1.32191									
1649.04905	1.32162									
1651.85185	1.32134									
1654.65465	1.32105									
1657.45746	1.32076									
1660.26026	1.32048									
1663.06306	1.32019									
1665.86587	1.31991									
1668.66867	1.31962									
1671.47147	1.31934									
1674.27427	1.31906									
1677.07708	1.31878									
1679.87988	1.3185									
1682.68268	1.31822									
1685.48549	1.31795									
1688.28829	1.31767									
1691.09109	1.3174									
1693.89389	1.31712									
1696.6967	1.31685									
1699.4995	1.31658									
1702.3023	1.3163									
1705.10511	1.31603									
1707.90791	1.31576									
1710.71071	1.3155									
1713.51351	1.31523									
1716.31632	1.31496									
1719.11912	1.31469									
1721.92192	1.31443									
1724.72472	1.31417									
1727.52753	1.3139									
1730.33033	1.31364									
1733.13313	1.31338									
1735.93594	1.31312									
1738.73874	1.31286									
1741.54154	1.3126									
1744.34434	1.31234									
1747.14715	1.31208									
1749.94995	1.31183									
1752.75275	1.31157									
1755.55556	1.31132									
1758.35836	1.31106									
1761.16116	1.31081									
1763.96396	1.31056									
1766.76677	1.31031									
1769.56957	1.31006									
1772.37237	1.30981									
1775.17518	1.30956									
1777.97798	1.30931									
1780.78078	1.30907									
1783.58358	1.30882									
1786.38639	1.30858									
1789.18919	1.30833									
1791.99199	1.30809									
1794.79479	1.30785									
1797.5976	1.3076									
1800.4004	1.30736									
1803.2032	1.30712									
1806.00601	1.30688									
1808.80881	1.30664									
1811.61161	1.30641									
1814.41441	1.30617									
1817.21722	1.30593									
1820.02002	1.3057									
1822.82282	1.30546									
1825.62563	1.30523									
1828.42843	1.305									
1831.23123	1.30477									
1834.03403	1.30453									
1836.83684	1.3043									
1839.63964	1.30407									
1842.44244	1.30384									
1845.24525	1.30362									
1848.04805	1.30339									
1850.85085	1.30316									
1853.65365	1.30294									
1856.45646	1.30271									
1859.25926	1.30249									
1862.06206	1.30226									
1864.86486	1.30204									
1867.66767	1.30182									
1870.47047	1.3016									
1873.27327	1.30138									
1876.07608	1.30116									
1878.87888	1.30094									
1881.68168	1.30072									
1884.48448	1.3005									
1887.28729	1.30029									
1890.09009	1.30007									
1892.89289	1.29985									
1895.6957	1.29964									
1898.4985	1.29943									
1901.3013	1.29921									
1904.1041	1.299									
1906.90691	1.29879									
1909.70971	1.29858									
1912.51251	1.29837									
1915.31532	1.29816									
1918.11812	1.29795									
1920.92092	1.29774									
1923.72372	1.29753									
1926.52653	1.29733									
1929.32933	1.29712									
1932.13213	1.29692									
1934.93493	1.29671									
1937.73774	1.29651									
1940.54054	1.2963									
1943.34334	1.2961									
1946.14615	1.2959									
1948.94895	1.2957									
1951.75175	1.2955									
1954.55455	1.2953									
1957.35736	1.2951									
1960.16016	1.2949									
1962.96296	1.2947									
1965.76577	1.29451									
1968.56857	1.29431									
1971.37137	1.29411									
1974.17417	1.29392									
1976.97698	1.29372									
1979.77978	1.29353									
1982.58258	1.29334									
1985.38539	1.29314									
1988.18819	1.29295									
1990.99099	1.29276									
1993.79379	1.29257									
1996.5966	1.29238									
1999.3994	1.29219									
2000	1.29215									
2002.2022	1.292									
2005.00501	1.29182									
2007.80781	1.29163									
2010.61061	1.29144									
2013.41341	1.29126									
2016.21622	1.29107									
2019.01902	1.29089									
2021.82182	1.2907									
2024.62462	1.29052									
2027.42743	1.29033									
2030.23023	1.29015									
2033.03303	1.28997									
2035.83584	1.28979									
2038.63864	1.28961									
2041.44144	1.28943									
2044.24424	1.28925									
2047.04705	1.28907									
2049.84985	1.28889									
2052.65265	1.28872									
2055.45546	1.28854									
2058.25826	1.28836									
2061.06106	1.28819									
2063.86386	1.28801									
2066.66667	1.28784									
2069.46947	1.28767									
2072.27227	1.28749									
2075.07508	1.28732									
2077.87788	1.28715									
2080.68068	1.28698									
2083.48348	1.28681									
2086.28629	1.28664									
2089.08909	1.28647									
2091.89189	1.2863									
2094.69469	1.28613									
2097.4975	1.28596									
2100.3003	1.28579									
2103.1031	1.28563									
2105.90591	1.28546									
2108.70871	1.28529									
2111.51151	1.28513									
2114.31431	1.28496									
2117.11712	1.2848									
2119.91992	1.28464									
2122.72272	1.28447									
2125.52553	1.28431									
2128.32833	1.28415									
2131.13113	1.28399									
2133.93393	1.28383									
2136.73674	1.28367									
2139.53954	1.28351									
2142.34234	1.28335									
2145.14515	1.28319									
2147.94795	1.28303									
2150.75075	1.28288									
2153.55355	1.28272									
2156.35636	1.28256									
2159.15916	1.28241									
2161.96196	1.28225									
2164.76476	1.2821									
2167.56757	1.28194									
2170.37037	1.28179									
2173.17317	1.28164									
2175.97598	1.28148									
2178.77878	1.28133									
2181.58158	1.28118									
2184.38438	1.28103									
2187.18719	1.28088									
2189.98999	1.28073									
2192.79279	1.28058									
2195.5956	1.28043									
2198.3984	1.28028									
2201.2012	1.28013									
2204.004	1.27999									
2206.80681	1.27984									
2209.60961	1.27969									
2212.41241	1.27955									
2215.21522	1.2794									
2218.01802	1.27925									
2220.82082	1.27911									
2223.62362	1.27897									
2226.42643	1.27882									
2229.22923	1.27868									
2232.03203	1.27854									
2234.83483	1.27839									
2237.63764	1.27825									
2240.44044	1.27811									
2243.24324	1.27797									
2246.04605	1.27783									
2248.84885	1.27769									
2251.65165	1.27755									
2254.45445	1.27741									
2257.25726	1.27728									
2260.06006	1.27714									
2262.86286	1.277									
2265.66567	1.27686									
2268.46847	1.27673									
2271.27127	1.27659									
2274.07407	1.27646									
2276.87688	1.27632									
2279.67968	1.27619									
2282.48248	1.27605									
2285.28529	1.27592									
2288.08809	1.27578									
2290.89089	1.27565									
2293.69369	1.27552									
2296.4965	1.27539									
2299.2993	1.27526									
2302.1021	1.27513									
2304.9049	1.275									
2307.70771	1.27487									
2310.51051	1.27474									
2313.31331	1.27461									
2316.11612	1.27448									
2318.91892	1.27435									
2321.72172	1.27422									
2324.52452	1.27409									
2327.32733	1.27397									
2330.13013	1.27384									
2332.93293	1.27371									
2335.73574	1.27359									
2338.53854	1.27346									
2341.34134	1.27334									
2344.14414	1.27321									
2346.94695	1.27309									
2349.74975	1.27297									
2352.55255	1.27284									
2355.35536	1.27272									
2358.15816	1.2726									
2360.96096	1.27248									
2363.76376	1.27235									
2366.56657	1.27223									
2369.36937	1.27211									
2372.17217	1.27199									
2374.97497	1.27187									
2377.77778	1.27175									
2380.58058	1.27163									
2383.38338	1.27152									
2386.18619	1.2714									
2388.98899	1.27128									
2391.79179	1.27116									
2394.59459	1.27105									
2397.3974	1.27093									
2400.2002	1.27081									
2403.003	1.2707									
2405.80581	1.27058									
2408.60861	1.27047									
2411.41141	1.27035									
2414.21421	1.27024									
2417.01702	1.27012									
2419.81982	1.27001									
2422.62262	1.2699									
2425.42543	1.26978									
2428.22823	1.26967									
2431.03103	1.26956									
2433.83383	1.26945									
2436.63664	1.26934									
2439.43944	1.26923									
2442.24224	1.26912									
2445.04505	1.26901									
2447.84785	1.2689									
2450.65065	1.26879									
2453.45345	1.26868									
2456.25626	1.26857									
2459.05906	1.26846									
2461.86186	1.26835									
2464.66466	1.26825									
2467.46747	1.26814									
2470.27027	1.26803									
2473.07307	1.26793									
2475.87588	1.26782									
2478.67868	1.26771									
2481.48148	1.26761									
2484.28428	1.2675									
2487.08709	1.2674									
2489.88989	1.26729									
2492.69269	1.26719									
2495.4955	1.26709									
2498.2983	1.26698									
2501.1011	1.26688									
2503.9039	1.26678									
2506.70671	1.26668									
2509.50951	1.26658									
2512.31231	1.26647									
2515.11512	1.26637									
2517.91792	1.26627									
2520.72072	1.26617									
2523.52352	1.26607									
2526.32633	1.26597									
2529.12913	1.26587									
2531.93193	1.26577									
2534.73473	1.26567									
2537.53754	1.26558									
2540.34034	1.26548									
2543.14314	1.26538									
2545.94595	1.26528									
2548.74875	1.26519									
2551.55155	1.26509									
2554.35435	1.26499									
2557.15716	1.2649									
2559.95996	1.2648									
2562.76276	1.26471									
2565.56557	1.26461									
2568.36837	1.26452									
2571.17117	1.26442									
2573.97397	1.26433									
2576.77678	1.26423									
2579.57958	1.26414									
2582.38238	1.26405									
2585.18519	1.26395									
2587.98799	1.26386									
2590.79079	1.26377									
2593.59359	1.26368									
2596.3964	1.26359									
2599.1992	1.2635									
2602.002	1.2634									
2604.8048	1.26331									
2607.60761	1.26322									
2610.41041	1.26313									
2613.21321	1.26304									
2616.01602	1.26295									
2618.81882	1.26286									
2621.62162	1.26278									
2624.42442	1.26269									
2627.22723	1.2626									
2630.03003	1.26251									
2632.83283	1.26242									
2635.63564	1.26234									
2638.43844	1.26225									
2641.24124	1.26216									
2644.04404	1.26208									
2646.84685	1.26199									
2649.64965	1.2619									
2652.45245	1.26182									
2655.25526	1.26173									
2658.05806	1.26165									
2660.86086	1.26156									
2663.66366	1.26148									
2666.46647	1.2614									
2669.26927	1.26131									
2672.07207	1.26123									
2674.87487	1.26115									
2677.67768	1.26106									
2680.48048	1.26098									
2683.28328	1.2609									
2686.08609	1.26082									
2688.88889	1.26073									
2691.69169	1.26065									
2694.49449	1.26057									
2697.2973	1.26049									
2700.1001	1.26041									
2702.9029	1.26033									
2705.70571	1.26025									
2708.50851	1.26017									
2711.31131	1.26009									
2714.11411	1.26001									
2716.91692	1.25993									
2719.71972	1.25985									
2722.52252	1.25977									
2725.32533	1.25969									
2728.12813	1.25962									
2730.93093	1.25954									
2733.73373	1.25946									
2736.53654	1.25938									
2739.33934	1.25931									
2742.14214	1.25923									
2744.94494	1.25915									
2747.74775	1.25908									
2750.55055	1.259									
2753.35335	1.25893									
2756.15616	1.25885									
2758.95896	1.25878									
2761.76176	1.2587									
2764.56456	1.25863									
2767.36737	1.25855									
2770.17017	1.25848									
2772.97297	1.2584									
2775.77578	1.25833									
2778.57858	1.25826									
2781.38138	1.25818									
2784.18418	1.25811									
2786.98699	1.25804									
2789.78979	1.25797									
2792.59259	1.25789									
2795.3954	1.25782									
2798.1982	1.25775									
2801.001	1.25768									
2803.8038	1.25761									
2806.60661	1.25754									
2809.40941	1.25747									
2812.21221	1.2574									
2815.01502	1.25733									
2817.81782	1.25726									
2820.62062	1.25719									
2823.42342	1.25712									
2826.22623	1.25705									
2829.02903	1.25698									
2831.83183	1.25691									
2834.63463	1.25684									
2837.43744	1.25677									
2840.24024	1.2567									
2843.04304	1.25664									
2845.84585	1.25657									
2848.64865	1.2565									
2851.45145	1.25643									
2854.25425	1.25637									
2857.05706	1.2563									
2859.85986	1.25623									
2862.66266	1.25617									
2865.46547	1.2561									
2868.26827	1.25604									
2871.07107	1.25597									
2873.87387	1.2559									
2876.67668	1.25584									
2879.47948	1.25577									
2882.28228	1.25571									
2885.08509	1.25565									
2887.88789	1.25558									
2890.69069	1.25552									
2893.49349	1.25545									
2896.2963	1.25539									
2899.0991	1.25533									
2901.9019	1.25526									
2904.7047	1.2552									
2907.50751	1.25514									
2910.31031	1.25508									
2913.11311	1.25501									
2915.91592	1.25495									
2918.71872	1.25489									
2921.52152	1.25483									
2924.32432	1.25477									
2927.12713	1.2547									
2929.92993	1.25464									
2932.73273	1.25458									
2935.53554	1.25452									
2938.33834	1.25446									
2941.14114	1.2544									
2943.94394	1.25434									
2946.74675	1.25428									
2949.54955	1.25422									
2952.35235	1.25416									
2955.15516	1.2541									
2957.95796	1.25404									
2960.76076	1.25399									
2963.56356	1.25393									
2966.36637	1.25387									
2969.16917	1.25381									
2971.97197	1.25375									
2974.77477	1.25369									
2977.57758	1.25364									
2980.38038	1.25358									
2983.18318	1.25352									
2985.98599	1.25347									
2988.78879	1.25341									
3000	1.25318									